# File generated by CMD 3.1 (http://stev.oapd.inaf.it/cmd) on Fri Apr  8 14:41:56 CEST 2022
# Basic reference: Girardi et al. (2002, A&A 391, 195)
#  uses the "basic set" of tracks described in Table 1 of Girardi et al. (2002, A&A 391, 195)
# Photometric system: <i>UBVRIJHK</i> (cf. Maiz-Apellaniz 2006 + Bessell 1990)
# Using OBC version of bolometric corrections as detailed in Marigo et al. (2008, A&A 482, 883) and Girardi et al. (2008, PASP 120, 583)
# BCs of Carbon stars derive from Aringer et al. (2009, A&A 503, 913)
# O-rich circumstellar dust ignored
# C-rich circumstellar dust ignored
# IMF: Chabrier (2001) lognormal 
# Kind of output: isochrone tables
#	Isochrone	Z = 0.01520		Age = 	3.000e+08 yr
# log(age/yr)	M_ini   	M_act	logL/Lo	logTe	logG	mbol    U       B       V       R       I       J       H       K	int_IMF	stage
	8.48	0.15000001	0.1500	-2.4957	3.5240	5.1517	11.009	15.939	14.432	12.848	11.740	10.426	9.205	8.651	8.402	1.96093953	
	8.48	0.20000000	0.2000	-2.2208	3.5455	5.0879	10.322	14.782	13.392	11.884	10.854	9.695	8.571	8.003	7.766	2.22178221	
	8.48	0.25000000	0.2500	-2.0331	3.5570	5.0432	9.853	14.039	12.735	11.284	10.288	9.204	8.124	7.549	7.327	2.40809011	
	8.48	0.30000001	0.3000	-1.8841	3.5662	5.0100	9.480	13.437	12.213	10.814	9.842	8.813	7.765	7.185	6.981	2.54750419	
	8.48	0.34999999	0.3500	-1.7563	3.5746	4.9826	9.161	12.917	11.763	10.410	9.459	8.477	7.455	6.873	6.685	2.65552020	
	8.48	0.40000001	0.4000	-1.6149	3.5822	4.9296	8.807	12.429	11.312	9.986	9.056	8.123	7.123	6.525	6.351	2.74133730	
	8.48	0.44999999	0.4500	-1.4920	3.5911	4.8938	8.500	11.954	10.870	9.574	8.674	7.815	6.848	6.224	6.069	2.81098008	
	8.48	0.50000000	0.5000	-1.3699	3.6016	4.8591	8.195	11.462	10.409	9.144	8.281	7.510	6.584	5.929	5.794	2.86847806	
	8.48	0.55000001	0.5500	-1.2382	3.6131	4.8148	7.866	11.004	9.960	8.723	7.897	7.187	6.292	5.619	5.498	2.91663504	
	8.48	0.60000002	0.6000	-1.1120	3.6256	4.7768	7.550	10.539	9.511	8.306	7.520	6.877	6.016	5.330	5.222	2.95739889	
	8.48	0.69999999	0.7000	-0.8463	3.6553	4.6967	6.886	9.395	8.504	7.417	6.736	6.200	5.434	4.795	4.713	3.02253795	
	8.48	0.87420297	0.8742	-0.3966	3.7188	4.5974	5.762	7.198	6.784	5.941	5.463	5.064	4.516	4.067	4.018	3.10121846	
	8.48	1.12260902	1.1226	0.1360	3.7856	4.4407	4.430	5.036	5.024	4.461	4.126	3.834	3.475	3.185	3.159	3.17047715	
	8.48	1.15757632	1.1575	0.2057	3.7944	4.4194	4.256	4.788	4.804	4.277	3.959	3.680	3.343	3.072	3.048	3.17770123	          
	8.48	1.25655437	1.2565	0.3891	3.8173	4.3633	3.797	4.185	4.239	3.798	3.524	3.282	3.000	2.775	2.757	3.19580793	          
	8.48	1.31160605	1.3115	0.4842	3.8290	4.3337	3.560	3.892	3.952	3.552	3.300	3.077	2.823	2.622	2.606	3.20458817	          
	8.48	1.32579696	1.3257	0.5077	3.8319	4.3263	3.501	3.824	3.883	3.491	3.245	3.027	2.780	2.584	2.568	3.20671773	
	8.48	1.36356890	1.3634	0.5652	3.8402	4.3143	3.357	3.652	3.708	3.343	3.112	2.909	2.680	2.500	2.486	3.21214151	          
	8.48	1.42579699	1.4256	0.6566	3.8533	4.2948	3.129	3.385	3.433	3.107	2.902	2.721	2.522	2.367	2.355	3.22036934	
	8.48	1.60000002	1.5997	0.8838	3.8925	4.2742	2.561	2.756	2.752	2.530	2.402	2.293	2.175	2.090	2.081	3.23958373	
	8.48	1.77420294	1.7737	1.0796	3.9274	4.2630	2.071	2.232	2.194	2.068	2.007	1.956	1.900	1.864	1.858	3.25447583	
	8.48	1.79710865	1.7967	1.1032	3.9313	4.2605	2.012	2.170	2.134	2.017	1.962	1.917	1.866	1.834	1.828	3.25618029	          
	8.48	1.91130447	1.9113	1.2173	3.9488	4.2431	1.727	1.868	1.842	1.770	1.741	1.719	1.695	1.680	1.676	3.26395869	
	8.48	1.97420299	1.9735	1.2777	3.9568	4.2286	1.576	1.713	1.700	1.646	1.625	1.611	1.598	1.588	1.586	3.26778913	
	8.48	2.06984735	2.0690	1.3657	3.9685	4.2079	1.356	1.487	1.498	1.467	1.458	1.455	1.457	1.455	1.455	3.27307868	          
	8.48	2.20000005	2.1990	1.4817	3.9824	4.1739	1.066	1.193	1.238	1.233	1.235	1.243	1.263	1.268	1.272	3.27936959	
	8.48	2.29579473	2.2946	1.5634	3.9918	4.1484	0.862	0.989	1.060	1.070	1.079	1.094	1.124	1.134	1.140	3.28343868	          
	8.48	2.45959544	2.4580	1.6996	4.0050	4.0950	0.521	0.649	0.759	0.791	0.806	0.830	0.876	0.891	0.901	3.28949499	          
	8.48	2.50000000	2.4982	1.7327	4.0075	4.0791	0.438	0.567	0.685	0.720	0.737	0.762	0.811	0.827	0.838	3.29083824	
	8.48	2.60288930	2.6008	1.8143	4.0133	4.0382	0.234	0.363	0.501	0.545	0.564	0.592	0.647	0.665	0.678	3.29402018	          
	8.48	2.72101569	2.7185	1.9071	4.0175	3.9811	0.002	0.129	0.282	0.333	0.354	0.384	0.443	0.463	0.478	3.29729247	          
	8.48	2.82053518	2.8175	1.9846	4.0183	3.9225	-0.191	-0.070	0.089	0.143	0.164	0.195	0.255	0.275	0.290	3.29977584	 TO       
	8.48	2.90524578	2.9018	2.0502	4.0164	3.8621	-0.356	-0.241	-0.084	-0.030	-0.009	0.020	0.078	0.097	0.112	3.30171680	          
	8.48	2.97787809	2.9739	2.1060	4.0123	3.8004	-0.495	-0.388	-0.242	-0.189	-0.170	-0.144	-0.089	-0.072	-0.058	3.30326748	          
	8.48	3.00000000	2.9959	2.1229	4.0103	3.7789	-0.537	-0.433	-0.292	-0.241	-0.223	-0.197	-0.145	-0.128	-0.115	3.30372047	
	8.48	3.04564381	3.0412	2.1575	4.0061	3.7341	-0.624	-0.526	-0.397	-0.347	-0.331	-0.307	-0.260	-0.245	-0.232	3.30462837	          
	8.48	3.10039949	3.0955	2.1996	3.9986	3.6696	-0.729	-0.641	-0.533	-0.488	-0.474	-0.454	-0.416	-0.404	-0.393	3.30567145	          
	8.48	3.14777589	3.1424	2.2367	3.9897	3.6032	-0.822	-0.739	-0.657	-0.620	-0.611	-0.597	-0.569	-0.561	-0.553	3.30653620	          
	8.48	3.16883540	3.1632	2.2542	3.9855	3.5720	-0.866	-0.786	-0.715	-0.682	-0.675	-0.663	-0.641	-0.635	-0.627	3.30690980	          
	8.48	3.18835425	3.1825	2.2722	3.9824	3.5444	-0.910	-0.833	-0.771	-0.740	-0.735	-0.725	-0.707	-0.702	-0.695	3.30725026	          
	8.48	3.20119238	3.1952	2.2864	3.9819	3.5299	-0.946	-0.870	-0.809	-0.778	-0.773	-0.763	-0.745	-0.741	-0.734	3.30747104	 Te-m     
	8.48	3.21075702	3.2047	2.3014	3.9852	3.5293	-0.984	-0.908	-0.836	-0.801	-0.794	-0.783	-0.761	-0.755	-0.747	3.30763412	          
	8.48	3.21812844	3.2119	2.3202	3.9934	3.5443	-1.031	-0.953	-0.856	-0.812	-0.800	-0.784	-0.752	-0.742	-0.733	3.30775881	          
	8.48	3.22307920	3.2168	2.3518	4.0115	3.5857	-1.109	-1.022	-0.867	-0.806	-0.788	-0.763	-0.709	-0.692	-0.677	3.30784202	          
	8.48	3.22448850	3.2182	2.3807	4.0274	3.6205	-1.182	-1.082	-0.875	-0.802	-0.779	-0.746	-0.673	-0.652	-0.632	3.30786562	          
	8.48	3.22525716	3.2190	2.4150	4.0438	3.6517	-1.268	-1.149	-0.890	-0.806	-0.778	-0.739	-0.649	-0.622	-0.598	3.30787849	 Te-M     
	8.48	3.22537136	3.2191	2.4008	4.0409	3.6545	-1.232	-1.116	-0.866	-0.785	-0.758	-0.719	-0.633	-0.606	-0.584	3.30788040	          
	8.48	3.22552323	3.2192	2.3679	4.0297	3.6427	-1.150	-1.045	-0.832	-0.758	-0.734	-0.701	-0.626	-0.603	-0.583	3.30788302	          
	8.48	3.22572970	3.2194	2.3583	4.0153	3.5945	-1.126	-1.036	-0.868	-0.805	-0.785	-0.758	-0.700	-0.682	-0.666	3.30788660	          
	8.48	3.22602105	3.2197	2.3713	3.9990	3.5165	-1.158	-1.084	-0.967	-0.915	-0.900	-0.881	-0.842	-0.830	-0.819	3.30789137	          
	8.48	3.22643089	3.2201	2.3872	3.9808	3.4277	-1.198	-1.131	-1.069	-1.035	-1.030	-1.022	-1.005	-1.001	-0.994	3.30789828	          
	8.48	3.22697377	3.2207	2.3946	3.9598	3.3365	-1.216	-1.144	-1.144	-1.137	-1.146	-1.152	-1.163	-1.170	-1.169	3.30790734	          
	8.48	3.22713161	3.2208	2.3954	3.9539	3.3123	-1.218	-1.143	-1.161	-1.162	-1.174	-1.185	-1.204	-1.214	-1.215	3.30790997	 L-M      
	8.48	3.22769809	3.2214	2.3924	3.9337	3.2345	-1.211	-1.107	-1.179	-1.216	-1.248	-1.279	-1.328	-1.352	-1.358	3.30791950	          
	8.48	3.22832370	3.2220	2.3846	3.9108	3.1509	-1.191	-1.038	-1.155	-1.243	-1.306	-1.365	-1.453	-1.499	-1.510	3.30792999	          
	8.48	3.22876382	3.2224	2.3761	3.8935	3.0902	-1.170	-0.972	-1.108	-1.243	-1.335	-1.419	-1.538	-1.604	-1.619	3.30793715	          
	8.48	3.22921371	3.2229	2.3646	3.8742	3.0242	-1.142	-0.888	-1.026	-1.226	-1.355	-1.471	-1.626	-1.720	-1.737	3.30794477	          
	8.48	3.22966313	3.2233	2.3496	3.8524	2.9522	-1.104	-0.784	-0.907	-1.181	-1.358	-1.514	-1.715	-1.846	-1.866	3.30795217	          
	8.48	3.23011231	3.2237	2.3300	3.8279	2.8739	-1.055	-0.639	-0.754	-1.113	-1.341	-1.544	-1.799	-1.978	-2.002	3.30795979	          
	8.48	3.23055506	3.2242	2.3042	3.8013	2.7935	-0.991	-0.430	-0.555	-1.018	-1.302	-1.554	-1.873	-2.107	-2.137	3.30796719	          
	8.48	3.23077297	3.2244	2.2888	3.7879	2.7552	-0.952	-0.288	-0.436	-0.958	-1.272	-1.547	-1.900	-2.164	-2.197	3.30797076	          
	8.48	3.23098397	3.2246	2.2711	3.7752	2.7224	-0.908	-0.142	-0.315	-0.893	-1.234	-1.532	-1.918	-2.210	-2.246	3.30797434	          
	8.48	3.23140287	3.2250	2.2268	3.7524	2.6754	-0.797	0.219	-0.044	-0.734	-1.124	-1.463	-1.910	-2.257	-2.299	3.30798125	          
	8.48	3.23180842	3.2254	2.1725	3.7339	2.6558	-0.661	0.602	0.237	-0.549	-0.980	-1.351	-1.853	-2.246	-2.293	3.30798817	          
	8.48	3.23220086	3.2258	2.1175	3.7190	2.6511	-0.524	0.958	0.498	-0.364	-0.829	-1.226	-1.775	-2.208	-2.259	3.30799460	          
	8.48	3.23258615	3.2261	2.0893	3.7066	2.6296	-0.453	1.229	0.678	-0.249	-0.742	-1.161	-1.751	-2.219	-2.274	3.30800104	 RGBb     
	8.48	3.23321342	3.2267	2.1530	3.6909	2.5033	-0.612	1.348	0.665	-0.342	-0.872	-1.320	-1.965	-2.478	-2.540	3.30801153	          
	8.48	3.23375702	3.2273	2.2308	3.6823	2.3912	-0.807	1.324	0.557	-0.496	-1.048	-1.511	-2.188	-2.726	-2.792	3.30802059	          
	8.48	3.23434329	3.2278	2.2975	3.6762	2.3000	-0.974	1.282	0.453	-0.634	-1.201	-1.676	-2.375	-2.931	-3.000	3.30803037	          
	8.48	3.23506141	3.2285	2.3690	3.6701	2.2044	-1.152	1.232	0.341	-0.778	-1.360	-1.849	-2.571	-3.147	-3.220	3.30804229	          
	8.48	3.23581076	3.2292	2.4419	3.6644	2.1087	-1.335	1.175	0.224	-0.925	-1.523	-2.024	-2.770	-3.364	-3.441	3.30805469	          
	8.48	3.23646975	3.2298	2.5055	3.6595	2.0258	-1.494	1.124	0.121	-1.054	-1.666	-2.178	-2.942	-3.552	-3.632	3.30806565	          
	8.48	3.23717427	3.2304	2.5722	3.6548	1.9402	-1.660	1.069	0.010	-1.192	-1.816	-2.338	-3.122	-3.748	-3.830	3.30807734	          
	8.48	3.23784232	3.2310	2.6379	3.6498	1.8546	-1.825	1.025	-0.095	-1.326	-1.963	-2.496	-3.301	-3.942	-4.028	3.30808830	          
	8.48	3.23851275	3.2316	2.7058	3.6444	1.7652	-1.995	0.995	-0.193	-1.453	-2.107	-2.656	-3.483	-4.143	-4.233	3.30809951	          
	8.48	3.23915386	3.2320	2.7628	3.6405	1.6927	-2.137	0.957	-0.282	-1.565	-2.232	-2.791	-3.635	-4.308	-4.401	3.30811024	          
	8.48	3.23966622	3.2324	2.8002	3.6377	1.6444	-2.230	0.938	-0.338	-1.636	-2.312	-2.879	-3.734	-4.418	-4.513	3.30811858	 RGBt     
	8.48	3.24193692	3.2341	2.7390	3.6425	1.7248	-2.077	0.964	-0.249	-1.521	-2.181	-2.735	-3.570	-4.237	-4.328	3.30815625	          
	8.48	3.24469948	3.2362	2.6573	3.6488	1.8321	-1.873	1.002	-0.131	-1.367	-2.007	-2.543	-3.352	-3.996	-4.082	3.30820179	          
	8.48	3.24690199	3.2381	2.5705	3.6557	1.9467	-1.656	1.054	0.003	-1.194	-1.815	-2.335	-3.116	-3.737	-3.820	3.30823803	          
	8.48	3.24881530	3.2398	2.4888	3.6621	2.0541	-1.452	1.112	0.134	-1.028	-1.633	-2.139	-2.893	-3.495	-3.573	3.30826950	          
	8.48	3.25056672	3.2414	2.4194	3.6676	2.1458	-1.278	1.164	0.245	-0.888	-1.478	-1.972	-2.704	-3.288	-3.362	3.30829835	          
	8.48	3.25246215	3.2431	2.3539	3.6728	2.2324	-1.115	1.214	0.349	-0.757	-1.332	-1.814	-2.526	-3.092	-3.164	3.30832934	          
	8.48	3.25459862	3.2451	2.2955	3.6777	2.3107	-0.969	1.257	0.442	-0.637	-1.200	-1.672	-2.365	-2.916	-2.985	3.30836439	          
	8.48	3.25710988	3.2475	2.2486	3.6820	2.3751	-0.852	1.286	0.515	-0.540	-1.092	-1.556	-2.233	-2.772	-2.838	3.30840540	          
	8.48	3.26102042	3.2513	2.2027	3.6871	2.4418	-0.737	1.300	0.579	-0.449	-0.988	-1.443	-2.102	-2.626	-2.689	3.30846906	          
	8.48	3.26963615	3.2596	2.1648	3.6956	2.5147	-0.642	1.234	0.590	-0.394	-0.913	-1.352	-1.979	-2.478	-2.537	3.30860877	 BHeb     
	8.48	3.30133367	3.2902	2.2255	3.7024	2.4853	-0.794	0.970	0.376	-0.576	-1.079	-1.505	-2.108	-2.586	-2.642	3.30911422	          
	8.48	3.34445453	3.3316	2.2841	3.7038	2.4379	-0.940	0.806	0.218	-0.729	-1.228	-1.651	-2.249	-2.723	-2.779	3.30978084	          
	8.48	3.37940168	3.3650	2.3336	3.7051	2.3978	-1.064	0.668	0.084	-0.858	-1.354	-1.775	-2.369	-2.838	-2.894	3.31030416	 Te-M     
	8.48	3.46427846	3.4448	2.4142	3.6915	2.2731	-1.265	0.719	0.014	-1.001	-1.530	-1.975	-2.618	-3.125	-3.187	3.31151628	          
	8.48	3.48332763	3.4625	2.4765	3.6746	2.1451	-1.421	0.891	0.028	-1.076	-1.646	-2.124	-2.829	-3.388	-3.458	3.31177735	          
	8.48	3.48476028	3.4638	2.5336	3.6682	2.0626	-1.564	0.884	-0.043	-1.179	-1.767	-2.259	-2.989	-3.569	-3.644	3.31179690	          
	8.48	3.48490930	3.4639	2.5474	3.6668	2.0433	-1.598	0.880	-0.062	-1.205	-1.797	-2.292	-3.028	-3.612	-3.688	3.31179881	 EHeb     
	8.48	3.48507428	3.4641	2.6090	3.6610	1.9588	-1.752	0.853	-0.150	-1.324	-1.931	-2.439	-3.198	-3.801	-3.880	3.31180120	          
	8.48	3.48523283	3.4642	2.6616	3.6563	1.8871	-1.884	0.831	-0.226	-1.426	-2.046	-2.564	-3.343	-3.961	-4.043	3.31180334	          
	8.48	3.48884058	3.4670	2.8290	3.6426	1.6653	-2.303	0.755	-0.471	-1.748	-2.408	-2.961	-3.796	-4.461	-4.552	3.31185222	          
	8.48	3.48944426	3.4674	2.8778	3.6388	1.6014	-2.424	0.734	-0.542	-1.840	-2.512	-3.075	-3.927	-4.605	-4.699	3.31186032	          
	8.48	3.49004436	3.4677	2.9267	3.6350	1.5372	-2.547	0.715	-0.612	-1.932	-2.616	-3.190	-4.058	-4.750	-4.847	3.31186843	          
	8.48	3.49094677	3.4681	3.0049	3.6284	1.4330	-2.742	0.701	-0.717	-2.076	-2.780	-3.372	-4.269	-4.983	-5.085	3.31188083	          
	8.48	3.49154902	3.4683	3.0637	3.6235	1.3544	-2.889	0.700	-0.791	-2.180	-2.901	-3.509	-4.427	-5.158	-5.265	3.31188893	          
	8.48	3.49215078	3.4684	3.1306	3.6182	1.2662	-3.057	0.703	-0.869	-2.291	-3.033	-3.663	-4.606	-5.354	-5.466	3.31189704	          
	8.48	3.49269319	3.4683	3.2020	3.6124	1.1717	-3.235	0.711	-0.949	-2.408	-3.174	-3.826	-4.796	-5.564	-5.682	3.31190443	          
	8.48	3.49312758	3.4681	3.2686	3.6070	1.0836	-3.401	0.720	-1.025	-2.518	-3.306	-3.978	-4.973	-5.760	-5.884	3.31191015	          
	8.48	3.49348164	3.4677	3.3310	3.6017	0.9998	-3.558	0.739	-1.091	-2.619	-3.427	-4.120	-5.140	-5.945	-6.074	3.31191492	          
	8.48	3.49385405	3.4672	3.4057	3.5952	0.8993	-3.744	0.741	-1.151	-2.714	-3.553	-4.283	-5.341	-6.166	-6.302	3.31191993	          
	8.48	3.49415851	3.4664	3.4800	3.5887	0.7988	-3.930	0.731	-1.203	-2.799	-3.671	-4.442	-5.541	-6.386	-6.529	3.31192422	          
	8.48	3.49446630	3.4653	3.5651	3.5812	0.6835	-4.143	0.717	-1.262	-2.895	-3.806	-4.623	-5.769	-6.639	-6.790	3.31192827	          
	8.48	3.49480438	3.4635	3.6645	3.5717	0.5460	-4.391	0.672	-1.271	-2.933	-3.908	-4.810	-6.041	-6.941	-7.101	3.31193280	          
	8.48	3.49496102	3.4623	3.7074	3.5675	0.4859	-4.498	0.612	-1.233	-2.890	-3.908	-4.871	-6.164	-7.074	-7.238	3.31193495	          
	8.48	3.49509621	3.4610	3.7427	3.5637	0.4354	-4.587	0.559	-1.193	-2.845	-3.901	-4.919	-6.267	-7.186	-7.352	3.31193686	          
	8.48	3.49521303	3.4598	3.7777	3.5601	0.3855	-4.674	0.500	-1.157	-2.801	-3.894	-4.967	-6.368	-7.297	-7.465	3.31193829	          
	8.48	3.49533582	3.4583	3.8134	3.5563	0.3347	-4.764	0.432	-1.123	-2.758	-3.888	-5.016	-6.471	-7.410	-7.580	3.31193995	          
	8.48	3.49549866	3.4560	3.8755	3.5497	0.2460	-4.919	0.305	-1.060	-2.675	-3.870	-5.099	-6.650	-7.608	-7.781	3.31194210	          
	8.48	3.49557519	3.4545	3.9296	3.5440	0.1689	-5.054	0.338	-0.919	-2.519	-3.793	-5.122	-6.802	-7.770	-7.952	3.31194329	          
	8.48	3.49561524	3.4537	3.9492	3.5420	0.1413	-5.103	0.347	-0.872	-2.466	-3.767	-5.132	-6.857	-7.829	-8.013	3.31194377	          
	8.48	3.49562740	3.4534	3.9625	3.5405	0.1219	-5.136	0.358	-0.832	-2.423	-3.745	-5.136	-6.895	-7.869	-8.055	3.31194401	 1TP      
	8.48	3.49564815	3.4529	3.9717	3.5396	0.1088	-5.159	0.363	-0.808	-2.396	-3.731	-5.140	-6.920	-7.897	-8.084	3.31194425	
	8.48	3.49566889	3.4523	3.9809	3.5386	0.0955	-5.182	0.369	-0.783	-2.369	-3.717	-5.143	-6.946	-7.925	-8.113	3.31194448	
	8.48	3.49568939	3.4517	3.9900	3.5376	0.0824	-5.205	0.374	-0.759	-2.342	-3.704	-5.147	-6.972	-7.952	-8.142	3.31194472	
	8.48	3.49571013	3.4511	3.9991	3.5366	0.0693	-5.228	0.379	-0.735	-2.315	-3.690	-5.151	-6.998	-7.980	-8.171	3.31194496	
	8.48	3.49573064	3.4505	4.0083	3.5356	0.0562	-5.251	0.385	-0.711	-2.288	-3.677	-5.155	-7.023	-8.007	-8.200	3.31194544	
	8.48	3.49575138	3.4498	4.0175	3.5347	0.0429	-5.274	0.390	-0.686	-2.261	-3.663	-5.158	-7.049	-8.035	-8.229	3.31194568	
	8.48	3.49577188	3.4491	4.0267	3.5337	0.0298	-5.297	0.395	-0.662	-2.234	-3.649	-5.162	-7.075	-8.063	-8.257	3.31194592	
	8.48	3.49579239	3.4484	4.0357	3.5327	0.0169	-5.319	0.401	-0.638	-2.207	-3.636	-5.166	-7.100	-8.090	-8.286	3.31194615	
	8.48	3.49581265	3.4477	4.0447	3.5318	0.0038	-5.342	0.406	-0.614	-2.180	-3.622	-5.169	-7.126	-8.117	-8.314	3.31194639	
	8.48	3.49583292	3.4470	4.0538	3.5308	-0.0092	-5.365	0.410	-0.590	-2.153	-3.609	-5.173	-7.152	-8.145	-8.343	3.31194663	
	8.48	3.49591827	3.4435	4.0925	3.5266	-0.0649	-5.461	0.431	-0.488	-2.039	-3.551	-5.189	-7.260	-8.261	-8.465	3.31194782	
	8.48	3.49601936	3.4385	4.1329	3.5223	-0.1234	-5.562	0.480	-0.355	-1.901	-3.476	-5.187	-7.373	-8.380	-8.589	3.31194925	
	8.48	3.49611926	3.4331	4.1683	3.5184	-0.1751	-5.651	0.537	-0.225	-1.770	-3.402	-5.175	-7.470	-8.483	-8.695	3.31195045	
	8.48	3.49621844	3.4270	4.1833	3.5167	-0.1975	-5.688	0.563	-0.168	-1.712	-3.370	-5.169	-7.512	-8.527	-8.741	3.31195188	
	8.48	3.49631667	3.4207	4.1931	3.5156	-0.2125	-5.713	0.579	-0.132	-1.675	-3.349	-5.166	-7.539	-8.556	-8.770	3.31195331	
	8.48	3.49641395	3.4143	4.2016	3.5147	-0.2255	-5.734	0.592	-0.101	-1.644	-3.331	-5.163	-7.562	-8.580	-8.796	3.31195450	
	8.48	3.49651051	3.4077	4.2101	3.5138	-0.2384	-5.755	0.606	-0.070	-1.614	-3.314	-5.160	-7.586	-8.605	-8.821	3.31195593	
	8.48	3.49660611	3.4010	4.2184	3.5129	-0.2513	-5.776	0.619	-0.040	-1.583	-3.297	-5.158	-7.609	-8.629	-8.846	3.31195712	
	8.48	3.49668217	3.3954	4.2250	3.5122	-0.2615	-5.793	0.629	-0.016	-1.559	-3.284	-5.156	-7.627	-8.648	-8.866	3.31195807	
	8.48	3.49675727	3.3898	4.2316	3.5114	-0.2716	-5.809	0.640	0.007	-1.535	-3.270	-5.154	-7.645	-8.667	-8.886	3.31195927	
	8.48	3.49683237	3.3840	4.2381	3.5107	-0.2817	-5.825	0.650	0.031	-1.512	-3.257	-5.152	-7.663	-8.686	-8.905	3.31196022	
	8.48	3.49690676	3.3781	4.2446	3.5100	-0.2918	-5.841	0.660	0.054	-1.488	-3.244	-5.150	-7.681	-8.705	-8.925	3.31196117	
	8.48	3.49698067	3.3720	4.2510	3.5093	-0.3017	-5.857	0.670	0.078	-1.465	-3.231	-5.148	-7.698	-8.724	-8.944	3.31196213	
	8.48	3.49705458	3.3658	4.2573	3.5086	-0.3116	-5.873	0.680	0.101	-1.441	-3.218	-5.146	-7.716	-8.742	-8.963	3.31196308	
	8.48	3.49712777	3.3595	4.2636	3.5080	-0.3215	-5.889	0.690	0.124	-1.418	-3.205	-5.144	-7.733	-8.760	-8.982	3.31196404	
	8.48	3.49720097	3.3530	4.2698	3.5073	-0.3313	-5.905	0.700	0.146	-1.395	-3.192	-5.142	-7.750	-8.779	-9.001	3.31196523	
	8.48	3.49727345	3.3465	4.2760	3.5066	-0.3410	-5.920	0.710	0.169	-1.373	-3.179	-5.140	-7.767	-8.796	-9.019	3.31196618	
	8.48	3.49734592	3.3397	4.2822	3.5059	-0.3507	-5.935	0.720	0.191	-1.350	-3.166	-5.138	-7.784	-8.814	-9.038	3.31196713	
	8.48	3.49741817	3.3328	4.2883	3.5053	-0.3604	-5.951	0.730	0.214	-1.328	-3.154	-5.136	-7.801	-8.832	-9.056	3.31196809	
	8.48	3.49748969	3.3257	4.2943	3.5046	-0.3699	-5.966	0.739	0.236	-1.305	-3.141	-5.134	-7.818	-8.849	-9.074	3.31196904	
	8.48	3.49756145	3.3186	4.3002	3.5040	-0.3794	-5.981	0.749	0.258	-1.283	-3.129	-5.132	-7.834	-8.867	-9.092	3.31197000	
	8.48	3.49763298	3.3111	4.3061	3.5033	-0.3889	-5.995	0.759	0.279	-1.261	-3.117	-5.130	-7.851	-8.884	-9.110	3.31197095	
	8.48	3.49772215	3.3016	4.3135	3.5025	-0.4007	-6.014	0.770	0.306	-1.234	-3.101	-5.127	-7.871	-8.905	-9.132	3.31197214	
	8.48	3.49781108	3.2918	4.3206	3.5017	-0.4124	-6.032	0.782	0.333	-1.207	-3.086	-5.125	-7.891	-8.926	-9.154	3.31197333	
	8.48	3.49790025	3.2814	4.3278	3.5009	-0.4240	-6.049	0.794	0.360	-1.181	-3.071	-5.122	-7.910	-8.947	-9.175	3.31197453	
	8.48	3.49798942	3.2702	4.3348	3.5001	-0.4357	-6.067	0.806	0.386	-1.154	-3.056	-5.120	-7.930	-8.968	-9.196	3.31197572	
	8.48	3.49807835	3.2531	4.3417	3.4994	-0.4479	-6.084	0.810	0.404	-1.138	-3.052	-5.122	-7.948	-8.986	-9.216	3.31197691	
	8.48	3.49816751	3.2324	4.3484	3.4986	-0.4605	-6.101	0.812	0.419	-1.125	-3.051	-5.125	-7.967	-9.005	-9.235	3.31197810	
	8.48	3.49825096	3.1898	4.3543	3.4979	-0.4751	-6.116	0.815	0.436	-1.111	-3.048	-5.126	-7.983	-9.021	-9.252	3.31197929	
	8.48	3.49833751	3.1318	4.3603	3.4971	-0.4921	-6.131	0.820	0.453	-1.095	-3.045	-5.127	-7.999	-9.037	-9.269	3.31198049	
	8.48	3.49840474	3.0126	4.3636	3.4964	-0.5148	-6.139	0.828	0.472	-1.078	-3.038	-5.124	-8.009	-9.046	-9.279	3.31198120	
	8.48	3.49843478	2.6961	4.3606	3.4959	-0.5622	-6.132	0.848	0.502	-1.050	-3.018	-5.108	-8.003	-9.040	-9.273	3.31198168	
	8.48	3.49845195	2.1400	4.3506	3.4953	-0.6550	-6.106	0.889	0.554	-0.999	-2.978	-5.071	-7.979	-9.016	-9.249	3.31198192	
	8.48	3.49846101	1.7942	4.3422	3.4949	-0.7249	-6.085	0.921	0.593	-0.962	-2.947	-5.042	-7.959	-8.996	-9.229	3.31198215	
	8.48	3.49846625	1.6001	4.3367	3.4946	-0.7702	-6.072	0.941	0.618	-0.937	-2.927	-5.024	-7.946	-8.983	-9.216	3.31198215	
	8.48	3.49846864	1.5057	4.3338	3.4944	-0.7943	-6.064	0.952	0.632	-0.924	-2.916	-5.014	-7.939	-8.975	-9.210	3.31198215	
	8.48	3.49847031	1.4465	4.3319	3.4943	-0.8102	-6.060	0.959	0.641	-0.915	-2.909	-5.007	-7.934	-8.971	-9.205	3.31198215	
	8.48	3.49847174	1.3958	4.3302	3.4943	-0.8243	-6.055	0.966	0.649	-0.908	-2.902	-5.001	-7.930	-8.967	-9.201	3.31198215	
	8.48	3.49847317	1.3396	4.3282	3.4942	-0.8406	-6.050	0.973	0.658	-0.899	-2.895	-4.995	-7.925	-8.962	-9.196	3.31198215	
	8.48	3.49847460	1.2829	4.3261	3.4941	-0.8577	-6.045	0.981	0.667	-0.890	-2.888	-4.988	-7.920	-8.957	-9.192	3.31198215	
	8.48	3.49847603	1.2244	4.3239	3.4939	-0.8762	-6.040	0.990	0.678	-0.880	-2.879	-4.980	-7.915	-8.952	-9.186	3.31198215	
	8.48	3.49847770	1.1710	4.3218	3.4938	-0.8939	-6.034	0.997	0.687	-0.870	-2.871	-4.973	-7.910	-8.947	-9.181	3.31198239	
	8.48	3.49847913	1.1143	4.3194	3.4937	-0.9135	-6.028	1.006	0.699	-0.859	-2.863	-4.965	-7.904	-8.941	-9.176	3.31198239	
	8.48	3.49848032	1.0631	4.3171	3.4936	-0.9322	-6.023	1.015	0.709	-0.849	-2.854	-4.957	-7.899	-8.935	-9.170	3.31198239	
	8.48	3.49848199	1.0022	4.3143	3.4935	-0.9556	-6.016	1.025	0.722	-0.836	-2.844	-4.947	-7.892	-8.929	-9.164	3.31198239	
	8.48	3.49848366	0.9430	4.3114	3.4933	-0.9797	-6.009	1.037	0.736	-0.823	-2.833	-4.937	-7.885	-8.922	-9.157	3.31198239	
	8.48	3.49848485	0.8942	4.3089	3.4932	-1.0008	-6.002	1.046	0.747	-0.812	-2.824	-4.929	-7.879	-8.916	-9.151	3.31198239	 LTP
	8.48	3.49848580	0.8708	4.3156	4.0000	1.0083	-6.019	-6.078	-5.806	-5.751	-5.759	-5.757	-5.699	-5.696	-5.676	3.31198239	
	8.48	3.49848652	0.8708	3.9020	5.1469	6.0098	-4.985	0.706	1.973	2.327	2.485	2.693	3.147	3.290	3.410	3.31198239	
	8.48	3.49848700	0.8708	3.8445	5.2238	6.3746	-4.841	1.400	2.671	3.030	3.190	3.402	3.859	4.005	4.127	3.31198239	
	8.48	3.49848723	0.8708	3.8145	5.2620	6.5575	-4.766	1.750	3.023	3.384	3.546	3.758	4.217	4.363	4.486	3.31198239	
	8.48	3.49848771	0.8708	3.7844	5.3001	6.7399	-4.691	2.100	3.376	3.738	3.901	4.115	4.575	4.722	4.846	3.31198239	
	8.48	3.49849010	0.8708	3.6988	5.3229	6.9166	-4.477	2.478	3.755	4.118	4.282	4.496	4.958	5.106	5.229	3.31198239	
	8.48	3.49849582	0.8708	3.5232	5.4150	7.4608	-4.038	3.588	4.869	5.236	5.401	5.618	6.083	6.231	6.356	3.31198263	
	8.48	3.49855804	0.8708	3.2250	5.3900	7.6588	-3.293	4.151	5.431	5.797	5.962	6.177	6.642	6.790	6.914	3.31198335	
	8.48	3.49860454	0.8709	2.7732	5.3323	7.8799	-2.163	4.861	6.138	6.502	6.666	6.880	7.342	7.490	7.613	3.31198406	
	8.48	3.49874616	0.8709	2.6738	5.3093	7.8875	-1.915	4.943	6.219	6.582	6.745	6.959	7.420	7.567	7.691	3.31198597	
	8.48	3.49874616	0.8709	2.6734	5.3093	7.8877	-1.914	4.944	6.220	6.582	6.746	6.960	7.421	7.568	7.692	3.31198597	
	8.48	3.49902940	0.8709	2.5199	5.2758	7.9071	-1.530	5.086	6.360	6.721	6.883	7.096	7.556	7.702	7.825	3.31198978	
	8.48	3.49945474	0.8710	2.2396	5.2189	7.9601	-0.829	5.377	6.648	7.007	7.167	7.378	7.835	7.981	8.103	3.31199551	
	8.48	3.50000000	0.8711	2.1769	5.2044	7.9648	-0.672	5.430	6.700	7.057	7.217	7.427	7.884	8.030	8.151	3.31200266	
	8.48	3.50001669	0.8711	2.1751	5.2040	7.9650	-0.668	5.431	6.701	7.059	7.219	7.429	7.886	8.031	8.152	3.31200290	
	8.48	3.50080943	0.8713	2.0898	5.1852	7.9753	-0.454	5.510	6.779	7.135	7.295	7.504	7.960	8.105	8.226	3.31201363	
	8.48	3.50218463	0.8715	2.0506	5.1759	7.9773	-0.357	5.541	6.810	7.165	7.325	7.534	7.989	8.133	8.254	3.31203198	
	8.48	3.50569892	0.8722	1.9451	5.1540	7.9955	-0.093	5.649	6.916	7.270	7.428	7.637	8.091	8.234	8.355	3.31207919	
	8.48	3.51488209	0.8741	1.8349	5.1317	8.0176	0.183	5.766	7.031	7.385	7.542	7.749	8.202	8.345	8.465	3.31220150	
	8.48	3.53254652	0.8776	1.6971	5.1044	8.0477	0.527	5.916	7.180	7.531	7.687	7.893	8.344	8.487	8.606	3.31243443	
	8.48	3.55763268	0.8825	1.6049	5.0866	8.0714	0.758	6.022	7.284	7.633	7.789	7.994	8.443	8.586	8.705	3.31275964	
	8.48	3.56067300	0.8832	1.5941	5.0853	8.0771	0.785	6.039	7.301	7.650	7.806	8.011	8.460	8.603	8.722	3.31279874	
	8.48	3.57595897	0.8862	1.5452	5.0783	8.0996	0.907	6.112	7.374	7.722	7.878	8.082	8.531	8.674	8.793	3.31299353	
	8.48	3.59370279	0.8897	1.4902	5.0684	8.1166	1.044	6.180	7.440	7.788	7.943	8.147	8.596	8.737	8.856	3.31321692	
	8.48	3.61417556	0.8937	1.4294	5.0572	8.1348	1.196	6.253	7.513	7.860	8.014	8.218	8.666	8.806	8.925	3.31347084	
	8.48	3.63775206	0.8984	1.3734	5.0472	8.1529	1.337	6.323	7.582	7.928	8.081	8.285	8.732	8.872	8.991	3.31375837	
	8.48	3.66493583	0.9038	1.3135	5.0367	8.1731	1.486	6.399	7.657	8.002	8.155	8.358	8.804	8.944	9.062	3.31408381	
	8.48	3.69635081	0.9100	1.2542	5.0265	8.1947	1.635	6.476	7.733	8.077	8.230	8.432	8.877	9.017	9.134	3.31445193	
	8.48	3.73274779	0.9171	1.1883	5.0153	8.2192	1.799	6.562	7.818	8.161	8.314	8.515	8.960	9.099	9.216	3.31486797	
	8.48	3.77507019	0.9254	1.1157	5.0030	8.2469	1.981	6.658	7.913	8.255	8.407	8.608	9.051	9.190	9.307	3.31533790	
	8.48	3.82451200	0.9351	1.0340	4.9894	8.2783	2.185	6.767	8.021	8.361	8.512	8.713	9.155	9.293	9.410	3.31586909	
	8.48	3.88160515	0.9462	0.9311	4.9718	8.3161	2.442	6.903	8.155	8.493	8.643	8.842	9.283	9.421	9.536	3.31645989	
	8.48	3.95064521	0.9597	0.8083	4.9508	8.3611	2.749	7.065	8.314	8.651	8.800	8.997	9.436	9.573	9.688	3.31714368	
	8.48	4.01032829	0.9714	0.6960	4.9303	8.3967	3.030	7.205	8.452	8.787	8.934	9.130	9.567	9.702	9.817	3.31770897	
	8.48	4.04547501	0.9787	0.6071	4.9109	8.4110	3.252	7.295	8.539	8.871	9.017	9.211	9.647	9.781	9.896	3.31803107	
	8.48	4.08057642	0.9860	0.5118	4.8902	8.4269	3.490	7.392	8.634	8.963	9.108	9.301	9.734	9.868	9.981	3.31834483	
	8.48	4.11648035	0.9935	0.3812	4.8623	8.4492	3.817	7.530	8.768	9.094	9.236	9.427	9.857	9.990	10.102	3.31865811	
	8.48	4.15744781	1.0020	0.2229	4.8285	8.4759	4.213	7.699	8.932	9.253	9.393	9.581	10.006	10.137	10.247	3.31900620	
	8.48	4.20512104	1.0119	0.0299	4.7872	8.5079	4.695	7.908	9.134	9.448	9.584	9.768	10.188	10.317	10.426	3.31939936	
	8.48	4.26187706	1.0236	-0.2086	4.7360	8.5467	5.292	8.220	9.430	9.743	9.880	10.063	10.479	10.607	10.718	3.31985116	
	8.48	4.33117533	1.0379	-0.5000	4.6734	8.5937	6.020	8.667	9.847	10.168	10.318	10.506	10.921	11.056	11.174	3.32038021	
	8.48	4.41826773	1.0558	-0.8659	4.5947	8.6525	6.935	9.058	10.214	10.517	10.663	10.846	11.257	11.389	11.503	3.32101250	
	8.48	4.51320887	1.0754	-1.2141	4.5212	8.7143	7.805	9.574	10.682	10.961	11.101	11.284	11.684	11.813	11.922	3.32166266	
	8.48	4.53366137	1.0798	-1.2120	4.5233	8.7224	7.800	9.576	10.686	10.966	11.106	11.289	11.690	11.819	11.929	3.32179761	
	8.48	4.55282354	1.0839	-1.2094	4.5251	8.7288	7.793	9.576	10.688	10.968	11.109	11.292	11.694	11.823	11.933	3.32192254	
	8.48	4.57107019	1.0879	-1.1816	4.5329	8.7340	7.724	9.538	10.656	10.940	11.082	11.265	11.669	11.799	11.910	3.32204032	
	8.48	4.58904648	1.0917	-1.1399	4.5443	8.7392	7.620	9.480	10.607	10.895	11.038	11.222	11.629	11.760	11.872	3.32215476	
	8.48	4.60541201	1.0952	-1.0538	4.5664	8.7429	7.404	9.368	10.510	10.806	10.950	11.135	11.545	11.677	11.789	3.32225800	
	8.48	4.62049627	1.0985	-0.8202	4.6226	8.7354	6.821	9.123	10.287	10.599	10.746	10.929	11.340	11.473	11.588	3.32235241	
	8.48	4.64498711	1.1037	-0.8127	4.6264	8.7449	6.802	9.129	10.295	10.607	10.754	10.938	11.348	11.482	11.596	3.32250357	
	8.48	4.66981459	1.1090	-0.8132	4.6282	8.7550	6.803	9.142	10.309	10.621	10.769	10.953	11.363	11.497	11.612	3.32265449	
	8.48	4.69501638	1.1144	-0.8153	4.6297	8.7654	6.808	9.158	10.325	10.638	10.785	10.969	11.380	11.514	11.629	3.32280540	
	8.48	4.72065258	1.1199	-0.8168	4.6316	8.7762	6.812	9.174	10.342	10.655	10.803	10.987	11.398	11.531	11.646	3.32295680	
	8.48	4.74675894	1.1255	-0.8241	4.6319	8.7869	6.830	9.194	10.362	10.675	10.823	11.007	11.418	11.552	11.667	3.32310843	
	8.48	4.77335358	1.1312	-0.8272	4.6328	8.7960	6.838	9.209	10.377	10.690	10.838	11.022	11.433	11.567	11.682	3.32326031	
	8.48	4.80044889	1.1370	-0.8398	4.6316	8.8060	6.870	9.232	10.400	10.713	10.860	11.044	11.455	11.589	11.704	3.32341290	
	8.48	4.82804966	1.1429	-0.8630	4.6259	8.8087	6.928	9.252	10.417	10.729	10.877	11.060	11.471	11.604	11.719	3.32356572	
	8.48	4.84327459	1.1461	-0.8793	4.6229	8.8140	6.968	9.272	10.437	10.748	10.895	11.079	11.489	11.623	11.737	3.32364893	
	8.48	4.92977142	1.1646	-0.5250	4.7159	8.8387	6.083	8.953	10.151	10.470	10.615	10.802	11.219	11.351	11.466	3.32410836	
