# File generated by CMD 3.1 (http://stev.oapd.inaf.it/cmd) on Sat Apr  9 05:45:02 CEST 2022
# Basic reference: Girardi et al. (2002, A&A 391, 195)
#  uses the "basic set" of tracks described in Table 1 of Girardi et al. (2002, A&A 391, 195)
# Photometric system: <i>UBVRIJHK</i> (cf. Maiz-Apellaniz 2006 + Bessell 1990)
# Using OBC version of bolometric corrections as detailed in Marigo et al. (2008, A&A 482, 883) and Girardi et al. (2008, PASP 120, 583)
# BCs of Carbon stars derive from Aringer et al. (2009, A&A 503, 913)
# O-rich circumstellar dust ignored
# C-rich circumstellar dust ignored
# IMF: Chabrier (2001) lognormal 
# Kind of output: isochrone tables
#	Isochrone	Z = 0.01520		Age = 	1.500e+09 yr
# log(age/yr)	M_ini   	M_act	logL/Lo	logTe	logG	mbol    U       B       V       R       I       J       H       K	int_IMF
	9.18	0.15000001	0.1500	-2.4946	3.5241	5.1511	11.006	15.933	14.426	12.843	11.736	10.423	9.202	8.648	8.400	1.96093953
	9.18	0.20000000	0.2000	-2.2185	3.5456	5.0860	10.316	14.774	13.384	11.878	10.848	9.689	8.566	7.998	7.761	2.22178221
	9.18	0.25000000	0.2500	-2.0303	3.5571	5.0407	9.846	14.030	12.727	11.277	10.281	9.196	8.117	7.541	7.320	2.40809011
	9.18	0.30000001	0.3000	-1.8810	3.5663	5.0072	9.472	13.427	12.203	10.805	9.834	8.805	7.757	7.177	6.974	2.54750419
	9.18	0.34999999	0.3500	-1.7531	3.5747	4.9799	9.153	12.907	11.755	10.402	9.451	8.469	7.447	6.865	6.677	2.65552020
	9.18	0.40000001	0.4000	-1.6112	3.5823	4.9264	8.798	12.418	11.301	9.976	9.046	8.114	7.113	6.515	6.342	2.74133730
	9.18	0.44999999	0.4500	-1.4880	3.5913	4.8904	8.490	11.942	10.858	9.563	8.663	7.805	6.839	6.214	6.059	2.81098008
	9.18	0.50000000	0.5000	-1.3650	3.6017	4.8549	8.183	11.449	10.395	9.131	8.269	7.498	6.572	5.916	5.782	2.86847806
	9.18	0.55000001	0.5500	-1.2327	3.6133	4.8105	7.852	10.987	9.944	8.708	7.882	7.174	6.279	5.606	5.485	2.91663504
	9.18	0.60000002	0.6000	-1.1055	3.6260	4.7715	7.534	10.518	9.490	8.287	7.502	6.861	6.001	5.315	5.207	2.95739889
	9.18	0.69999999	0.7000	-0.8350	3.6559	4.6877	6.858	9.356	8.470	7.385	6.706	6.172	5.407	4.770	4.689	3.02253795
	9.18	0.85429162	0.8542	-0.4166	3.7153	4.5936	5.812	7.302	6.861	6.005	5.517	5.113	4.553	4.095	4.044	3.09385610
	9.18	0.87420297	0.8741	-0.3678	3.7225	4.5832	5.689	7.068	6.683	5.855	5.386	4.994	4.457	4.019	3.971	3.10121846
	9.18	0.97237259	0.9722	-0.1344	3.7514	4.5116	5.106	6.076	5.898	5.192	4.788	4.443	3.993	3.628	3.590	3.13300920
	9.18	1.04877424	1.0486	0.0323	3.7713	4.4575	4.689	5.428	5.360	4.739	4.377	4.062	3.666	3.345	3.315	3.15350604
	9.18	1.10273242	1.1025	0.1421	3.7841	4.4207	4.415	5.034	5.015	4.447	4.110	3.815	3.452	3.159	3.132	3.16614962
	9.18	1.12260902	1.1224	0.1808	3.7886	4.4076	4.318	4.900	4.896	4.346	4.016	3.729	3.377	3.094	3.068	3.17047715
	9.18	1.13409305	1.1338	0.2062	3.7916	4.3988	4.254	4.811	4.816	4.278	3.955	3.673	3.328	3.051	3.027	3.17290282
	9.18	1.15796340	1.1577	0.2590	3.7978	4.3798	4.122	4.627	4.652	4.139	3.828	3.555	3.226	2.963	2.939	3.17777872
	9.18	1.17693043	1.1766	0.3012	3.8025	4.3633	4.017	4.489	4.523	4.029	3.726	3.461	3.144	2.890	2.868	3.18150091
	9.18	1.19249785	1.1921	0.3356	3.8062	4.3494	3.931	4.383	4.421	3.940	3.645	3.385	3.077	2.830	2.809	3.18446040
	9.18	1.20564723	1.2052	0.3645	3.8092	4.3375	3.859	4.294	4.335	3.865	3.576	3.321	3.021	2.780	2.760	3.18689609
	9.18	1.21694374	1.2165	0.3892	3.8118	4.3270	3.797	4.218	4.261	3.801	3.517	3.267	2.972	2.736	2.717	3.18894315
	9.18	1.22675061	1.2263	0.4105	3.8139	4.3178	3.744	4.153	4.198	3.746	3.466	3.219	2.929	2.698	2.679	3.19068742
	9.18	1.23535681	1.2348	0.4291	3.8158	4.3096	3.697	4.097	4.143	3.698	3.421	3.178	2.892	2.665	2.646	3.19219351
	9.18	1.24305022	1.2425	0.4456	3.8174	4.3022	3.656	4.047	4.095	3.656	3.382	3.141	2.859	2.635	2.617	3.19352055
	9.18	1.24483037	1.2443	0.4493	3.8177	4.3005	3.647	4.035	4.084	3.646	3.373	3.132	2.852	2.629	2.610	3.19382524
	9.18	1.32579696	1.3250	0.5944	3.8306	4.2341	3.284	3.617	3.665	3.272	3.025	2.806	2.556	2.359	2.342	3.20671773
	9.18	1.37047338	1.3695	0.6672	3.8370	4.2013	3.102	3.415	3.457	3.086	2.851	2.644	2.408	2.224	2.208	3.21309638
	9.18	1.42579699	1.4246	0.7538	3.8427	4.1546	2.885	3.182	3.216	2.864	2.641	2.444	2.221	2.049	2.034	3.22036934
	9.18	1.45619357	1.4549	0.7996	3.8453	4.1282	2.771	3.060	3.091	2.747	2.529	2.338	2.120	1.954	1.939	3.22409940
	9.18	1.51627755	1.5147	0.8880	3.8471	4.0648	2.550	2.837	2.858	2.522	2.309	2.122	1.909	1.747	1.732	3.23097491
	9.18	1.56699860	1.5651	0.9608	3.8453	3.9989	2.368	2.665	2.678	2.339	2.124	1.935	1.717	1.553	1.537	3.23631549
	9.18	1.60000002	1.5979	1.0068	3.8421	3.9490	2.253	2.563	2.572	2.224	2.003	1.810	1.585	1.416	1.399	3.23958373
	9.18	1.60992527	1.6077	1.0202	3.8413	3.9354	2.219	2.533	2.540	2.190	1.969	1.774	1.547	1.377	1.360	3.24053597
	9.18	1.64477158	1.6423	1.0654	3.8366	3.8805	2.107	2.438	2.442	2.079	1.849	1.646	1.409	1.231	1.213	3.24377084
	9.18	1.67484784	1.6721	1.1024	3.8299	3.8245	2.014	2.371	2.371	1.989	1.747	1.533	1.281	1.090	1.071	3.24643445
	9.18	1.70102930	1.6981	1.1328	3.8221	3.7695	1.938	2.330	2.325	1.918	1.661	1.434	1.164	0.958	0.937	3.24866223
	9.18	1.72383595	1.7206	1.1584	3.8142	3.7180	1.874	2.312	2.295	1.860	1.588	1.349	1.060	0.838	0.815	3.25053716
	9.18	1.73412335	1.7308	1.1708	3.8107	3.6944	1.843	2.300	2.279	1.832	1.554	1.309	1.011	0.783	0.759	3.25136375
	9.18	1.74372816	1.7403	1.1845	3.8082	3.6729	1.809	2.280	2.256	1.800	1.517	1.267	0.964	0.731	0.706	3.25212526
	9.18	1.74997902	1.7464	1.1962	3.8075	3.6598	1.779	2.256	2.230	1.771	1.487	1.236	0.931	0.696	0.672	3.25261521
	9.18	1.75473177	1.7511	1.2121	3.8092	3.6521	1.740	2.207	2.181	1.729	1.448	1.201	0.900	0.669	0.645	3.25298524
	9.18	1.75833118	1.7547	1.2344	3.8143	3.6510	1.684	2.125	2.101	1.668	1.398	1.159	0.870	0.650	0.627	3.25326371
	9.18	1.76077175	1.7571	1.2737	3.8271	3.6636	1.586	1.961	1.943	1.557	1.312	1.096	0.837	0.644	0.623	3.25345182
	9.18	1.76146436	1.7578	1.3104	3.8402	3.6793	1.494	1.825	1.800	1.456	1.237	1.044	0.815	0.648	0.629	3.25350499
	9.18	1.76185703	1.7581	1.3587	3.8568	3.6974	1.373	1.654	1.618	1.324	1.139	0.977	0.785	0.649	0.632	3.25353527
	9.18	1.76192844	1.7582	1.3365	3.8527	3.7032	1.429	1.719	1.688	1.382	1.189	1.019	0.817	0.674	0.657	3.25354075
	9.18	1.76202452	1.7583	1.3050	3.8411	3.6885	1.508	1.835	1.811	1.469	1.252	1.061	0.834	0.668	0.649	3.25354815
	9.18	1.76222169	1.7585	1.3079	3.8259	3.6247	1.500	1.882	1.861	1.472	1.224	1.006	0.745	0.550	0.529	3.25356317
	9.18	1.76261020	1.7589	1.3151	3.8105	3.5560	1.482	1.948	1.912	1.468	1.191	0.947	0.649	0.422	0.397	3.25359297
	9.18	1.76353204	1.7598	1.3075	3.7914	3.4876	1.501	2.094	2.028	1.509	1.194	0.918	0.573	0.306	0.277	3.25366378
	9.18	1.76499844	1.7612	1.2749	3.7727	3.4456	1.583	2.332	2.216	1.618	1.266	0.957	0.564	0.256	0.222	3.25377607
	9.18	1.76631749	1.7625	1.2272	3.7572	3.4318	1.702	2.619	2.437	1.767	1.383	1.049	0.614	0.270	0.231	3.25387692
	9.18	1.76729190	1.7635	1.1775	3.7447	3.4318	1.826	2.893	2.648	1.920	1.510	1.155	0.684	0.309	0.268	3.25395131
	9.18	1.76819396	1.7644	1.1288	3.7337	3.4364	1.948	3.164	2.852	2.071	1.637	1.264	0.760	0.357	0.312	3.25401998
	9.18	1.76908457	1.7652	1.0984	3.7236	3.4270	2.024	3.379	3.003	2.175	1.719	1.329	0.795	0.366	0.318	3.25408769
	9.18	1.76954353	1.7657	1.0869	3.7187	3.4188	2.053	3.485	3.073	2.222	1.754	1.356	0.805	0.363	0.313	3.25412273
	9.18	1.77127671	1.7674	1.1410	3.7071	3.3186	1.917	3.537	3.034	2.127	1.634	1.215	0.626	0.153	0.098	3.25425434
	9.18	1.77242792	1.7685	1.2005	3.7020	3.2391	1.769	3.472	2.928	1.996	1.491	1.064	0.459	-0.029	-0.085	3.25434160
	9.18	1.77362061	1.7697	1.2719	3.6975	3.1501	1.590	3.372	2.791	1.836	1.321	0.885	0.264	-0.236	-0.294	3.25443172
	9.18	1.77420294	1.7703	1.3087	3.6954	3.1048	1.498	3.320	2.719	1.755	1.234	0.794	0.165	-0.341	-0.401	3.25447583
	9.18	1.77454054	1.7706	1.3287	3.6942	3.0802	1.448	3.291	2.681	1.710	1.186	0.744	0.111	-0.398	-0.458	3.25450134
	9.18	1.77570665	1.7718	1.4012	3.6903	2.9924	1.267	3.183	2.537	1.547	1.014	0.564	-0.083	-0.604	-0.666	3.25458932
	9.18	1.77669096	1.7727	1.4650	3.6871	2.9160	1.108	3.087	2.410	1.402	0.861	0.405	-0.253	-0.784	-0.847	3.25466347
	9.18	1.77770829	1.7737	1.5319	3.6834	2.8347	0.940	2.992	2.279	1.252	0.702	0.239	-0.433	-0.974	-1.039	3.25474000
	9.18	1.77876222	1.7747	1.6010	3.6796	2.7507	0.768	2.895	2.144	1.097	0.538	0.067	-0.618	-1.170	-1.237	3.25481939
	9.18	1.77969658	1.7756	1.6648	3.6759	2.6720	0.608	2.811	2.023	0.954	0.386	-0.091	-0.791	-1.353	-1.422	3.25488949
	9.18	1.78058469	1.7764	1.7272	3.6721	2.5949	0.452	2.732	1.908	0.820	0.242	-0.243	-0.957	-1.532	-1.603	3.25495601
	9.18	1.78147388	1.7772	1.7926	3.6687	2.5158	0.289	2.642	1.783	0.678	0.090	-0.403	-1.131	-1.717	-1.790	3.25502253
	9.18	1.78234470	1.7780	1.8586	3.6647	2.4343	0.123	2.563	1.663	0.537	-0.062	-0.563	-1.307	-1.906	-1.981	3.25508761
	9.18	1.78315389	1.7787	1.9239	3.6609	2.3537	-0.040	2.486	1.544	0.397	-0.212	-0.722	-1.481	-2.092	-2.170	3.25514817
	9.18	1.78402388	1.7793	1.9930	3.6564	2.2670	-0.212	2.413	1.422	0.252	-0.370	-0.890	-1.666	-2.292	-2.373	3.25521302
	9.18	1.78492653	1.7799	2.0615	3.6521	2.1814	-0.384	2.341	1.301	0.106	-0.526	-1.056	-1.850	-2.489	-2.573	3.25528026
	9.18	1.78583431	1.7805	2.1031	3.6494	2.1291	-0.488	2.300	1.230	0.020	-0.620	-1.157	-1.961	-2.610	-2.695	3.25534797
	9.18	1.78655684	1.7810	2.0176	3.6552	2.2376	-0.274	2.382	1.376	0.198	-0.427	-0.950	-1.731	-2.361	-2.443	3.25540161
	9.18	1.78680909	1.7812	1.9520	3.6595	2.3208	-0.110	2.448	1.490	0.335	-0.278	-0.791	-1.555	-2.171	-2.250	3.25542045
	9.18	1.78702986	1.7813	1.8881	3.6636	2.4011	0.050	2.516	1.602	0.470	-0.132	-0.636	-1.384	-1.986	-2.062	3.25543666
	9.18	1.78727412	1.7815	1.8262	3.6675	2.4784	0.205	2.586	1.714	0.601	0.010	-0.485	-1.218	-1.808	-1.882	3.25545502
	9.18	1.78747487	1.7817	1.7914	3.6697	2.5222	0.292	2.625	1.775	0.674	0.090	-0.401	-1.125	-1.708	-1.780	3.25546980
	9.18	1.78829563	1.7824	1.8622	3.6655	2.4349	0.115	2.539	1.646	0.523	-0.073	-0.573	-1.314	-1.910	-1.985	3.25553060
	9.18	1.78917658	1.7832	1.9217	3.6620	2.3614	-0.034	2.470	1.538	0.396	-0.210	-0.718	-1.472	-2.080	-2.157	3.25559592
	9.18	1.79011333	1.7839	1.9848	3.6581	2.2829	-0.192	2.400	1.425	0.262	-0.355	-0.871	-1.641	-2.261	-2.341	3.25566530
	9.18	1.79099011	1.7845	2.0452	3.6542	2.2071	-0.343	2.337	1.318	0.134	-0.493	-1.018	-1.803	-2.436	-2.518	3.25573015
	9.18	1.79180789	1.7851	2.1023	3.6505	2.1354	-0.486	2.279	1.219	0.014	-0.623	-1.156	-1.956	-2.601	-2.686	3.25579047
	9.18	1.79265535	1.7855	2.1632	3.6465	2.0585	-0.638	2.227	1.119	-0.108	-0.757	-1.301	-2.119	-2.777	-2.864	3.25585294
	9.18	1.79338586	1.7858	2.2218	3.6425	1.9840	-0.785	2.182	1.026	-0.223	-0.885	-1.440	-2.275	-2.947	-3.037	3.25590682
	9.18	1.79412091	1.7860	2.2800	3.6387	1.9106	-0.930	2.138	0.932	-0.338	-1.012	-1.579	-2.429	-3.115	-3.208	3.25596094
	9.18	1.79474783	1.7860	2.3345	3.6350	1.8415	-1.066	2.100	0.846	-0.446	-1.131	-1.708	-2.574	-3.272	-3.368	3.25600719
	9.18	1.79536915	1.7859	2.3980	3.6301	1.7582	-1.225	2.073	0.754	-0.565	-1.266	-1.857	-2.744	-3.460	-3.559	3.25605273
	9.18	1.79589820	1.7856	2.4534	3.6261	1.6868	-1.364	2.043	0.670	-0.673	-1.386	-1.987	-2.892	-3.621	-3.724	3.25609159
	9.18	1.79641140	1.7851	2.5117	3.6220	1.6121	-1.509	2.020	0.590	-0.778	-1.507	-2.123	-3.046	-3.790	-3.896	3.25612926
	9.18	1.79685128	1.7845	2.5660	3.6182	1.5423	-1.645	2.002	0.518	-0.874	-1.618	-2.249	-3.190	-3.947	-4.057	3.25616145
	9.18	1.79723275	1.7837	2.6153	3.6144	1.4778	-1.768	1.996	0.458	-0.957	-1.716	-2.363	-3.321	-4.091	-4.204	3.25618958
	9.18	1.79759538	1.7827	2.6726	3.6102	1.4034	-1.911	1.989	0.386	-1.056	-1.832	-2.495	-3.473	-4.257	-4.375	3.25621605
	9.18	1.79791451	1.7815	2.7218	3.6058	1.3362	-2.034	2.007	0.338	-1.132	-1.925	-2.607	-3.605	-4.404	-4.527	3.25623941
	9.18	1.79824030	1.7799	2.7794	3.6010	1.2588	-2.178	2.020	0.275	-1.225	-2.038	-2.738	-3.759	-4.575	-4.702	3.25626326
	9.18	1.79852259	1.7780	2.8339	3.5976	1.1902	-2.315	1.987	0.206	-1.314	-2.142	-2.862	-3.903	-4.729	-4.860	3.25628400
	9.18	1.79876542	1.7759	2.8820	3.5937	1.1261	-2.435	1.973	0.166	-1.374	-2.221	-2.966	-4.032	-4.870	-5.004	3.25630164
	9.18	1.79901493	1.7731	2.9378	3.5891	1.0514	-2.574	1.957	0.119	-1.443	-2.313	-3.087	-4.182	-5.033	-5.173	3.25632000
	9.18	1.79921079	1.7703	2.9860	3.5852	0.9868	-2.695	1.942	0.079	-1.503	-2.392	-3.191	-4.310	-5.175	-5.319	3.25633430
	9.18	1.79939938	1.7670	3.0342	3.5809	0.9205	-2.815	1.938	0.047	-1.557	-2.468	-3.294	-4.440	-5.318	-5.467	3.25634789
	9.18	1.79950249	1.7648	3.0643	3.5779	0.8781	-2.891	1.940	0.031	-1.587	-2.513	-3.357	-4.522	-5.409	-5.561	3.25635552
	9.18	1.79950249	1.7639	1.6697	3.6858	2.7040	0.596	2.622	1.916	0.894	0.350	-0.108	-0.771	-1.303	-1.367	3.25635552
	9.18	1.80094790	1.7655	1.6874	3.6842	2.6805	0.551	2.608	1.887	0.857	0.310	-0.151	-0.820	-1.357	-1.421	3.25646114
	9.18	1.80187786	1.7665	1.6954	3.6836	2.6701	0.532	2.601	1.874	0.840	0.291	-0.171	-0.842	-1.381	-1.446	3.25652885
	9.18	1.80336130	1.7681	1.6937	3.6840	2.6740	0.536	2.596	1.874	0.842	0.294	-0.167	-0.837	-1.374	-1.438	3.25663662
	9.18	1.80631864	1.7714	1.6921	3.6847	2.6790	0.540	2.588	1.871	0.843	0.297	-0.163	-0.831	-1.366	-1.430	3.25685120
	9.18	1.80806029	1.7733	1.6922	3.6850	2.6806	0.540	2.583	1.868	0.841	0.296	-0.164	-0.830	-1.364	-1.428	3.25697732
	9.18	1.81063998	1.7765	1.6921	3.6854	2.6832	0.540	2.575	1.864	0.839	0.295	-0.163	-0.828	-1.361	-1.425	3.25716329
	9.18	1.81409943	1.7807	1.6922	3.6859	2.6861	0.540	2.566	1.859	0.837	0.294	-0.164	-0.827	-1.358	-1.422	3.25741172
	9.18	1.81777918	1.7853	1.6925	3.6863	2.6886	0.539	2.557	1.854	0.834	0.292	-0.165	-0.826	-1.356	-1.420	3.25767469
	9.18	1.82167625	1.7902	1.6927	3.6869	2.6919	0.538	2.546	1.848	0.830	0.290	-0.166	-0.825	-1.353	-1.416	3.25795197
	9.18	1.82602501	1.7957	1.6935	3.6875	2.6947	0.536	2.534	1.841	0.826	0.287	-0.168	-0.825	-1.351	-1.415	3.25825977
	9.18	1.83041394	1.8013	1.6959	3.6879	2.6954	0.530	2.521	1.831	0.818	0.280	-0.174	-0.830	-1.355	-1.418	3.25856853
	9.18	1.83489954	1.8071	1.6982	3.6883	2.6961	0.525	2.508	1.821	0.810	0.273	-0.180	-0.834	-1.358	-1.421	3.25888228
	9.18	1.83961165	1.8132	1.7004	3.6887	2.6970	0.519	2.495	1.812	0.803	0.266	-0.186	-0.838	-1.361	-1.423	3.25920987
	9.18	1.84417605	1.8191	1.7046	3.6888	2.6946	0.509	2.483	1.801	0.792	0.256	-0.196	-0.848	-1.371	-1.433	3.25952530
	9.18	1.84889662	1.8253	1.7087	3.6889	2.6923	0.498	2.472	1.789	0.781	0.245	-0.207	-0.859	-1.380	-1.443	3.25984979
	9.18	1.85375953	1.8318	1.7142	3.6889	2.6881	0.484	2.459	1.776	0.767	0.231	-0.220	-0.873	-1.394	-1.457	3.26018167
	9.18	1.86018562	1.8404	1.7239	3.6885	2.6791	0.460	2.442	1.756	0.745	0.208	-0.244	-0.898	-1.421	-1.483	3.26061726
	9.18	1.86683249	1.8493	1.7369	3.6880	2.6659	0.428	2.421	1.729	0.715	0.177	-0.277	-0.932	-1.457	-1.520	3.26106405
	9.18	1.87227225	1.8567	1.7571	3.6864	2.6412	0.377	2.401	1.694	0.672	0.130	-0.327	-0.988	-1.517	-1.581	3.26142693
	9.18	1.88030934	1.8677	1.7969	3.6834	2.5920	0.278	2.359	1.624	0.586	0.037	-0.425	-1.097	-1.635	-1.701	3.26195860
	9.18	1.88223708	1.8703	1.8077	3.6826	2.5785	0.251	2.348	1.605	0.563	0.012	-0.452	-1.127	-1.668	-1.733	3.26208520
	9.18	1.88592839	1.8754	1.8406	3.6798	2.5358	0.169	2.320	1.551	0.493	-0.064	-0.533	-1.219	-1.767	-1.834	3.26232696
	9.18	1.88723004	1.8772	1.8669	3.6777	2.5014	0.103	2.296	1.506	0.437	-0.125	-0.598	-1.291	-1.846	-1.914	3.26241207
	9.18	1.88802314	1.8783	1.9354	3.6724	2.4120	-0.069	2.235	1.392	0.295	-0.282	-0.766	-1.479	-2.050	-2.121	3.26246357
	9.18	1.88825440	1.8786	1.9901	3.6685	2.3416	-0.205	2.184	1.300	0.183	-0.405	-0.898	-1.627	-2.211	-2.284	3.26247883
	9.18	1.88841593	1.8788	2.0853	3.6615	2.2186	-0.443	2.099	1.141	-0.013	-0.620	-1.128	-1.884	-2.491	-2.569	3.26248932
	9.18	1.88847375	1.8789	2.1417	3.6574	2.1456	-0.584	2.050	1.047	-0.129	-0.747	-1.264	-2.037	-2.657	-2.738	3.26249313
	9.18	1.88852680	1.8790	2.1891	3.6539	2.0843	-0.703	2.010	0.969	-0.226	-0.853	-1.378	-2.165	-2.797	-2.880	3.26249647
	9.18	1.88859010	1.8791	2.2314	3.6507	2.0294	-0.809	1.976	0.899	-0.313	-0.948	-1.480	-2.280	-2.921	-3.006	3.26250052
	9.18	1.88865757	1.8792	2.2570	3.6489	1.9964	-0.873	1.957	0.859	-0.363	-1.004	-1.541	-2.349	-2.997	-3.083	3.26250505
	9.18	1.88900590	1.8796	2.2068	3.6526	2.0618	-0.747	1.994	0.939	-0.263	-0.893	-1.421	-2.213	-2.848	-2.932	3.26252770
	9.18	1.88955712	1.8804	2.1807	3.6546	2.0961	-0.682	2.014	0.981	-0.210	-0.835	-1.358	-2.142	-2.771	-2.854	3.26256347
	9.18	1.89108145	1.8824	2.2412	3.6502	2.0185	-0.833	1.963	0.881	-0.334	-0.971	-1.504	-2.306	-2.949	-3.034	3.26266265
	9.18	1.89221871	1.8839	2.2976	3.6462	1.9461	-0.974	1.926	0.794	-0.443	-1.093	-1.638	-2.457	-3.114	-3.202	3.26273632
	9.18	1.89287031	1.8848	2.3443	3.6426	1.8852	-1.091	1.902	0.725	-0.532	-1.193	-1.748	-2.582	-3.252	-3.342	3.26277852
	9.18	1.89345014	1.8855	2.4029	3.6380	1.8084	-1.237	1.876	0.641	-0.642	-1.317	-1.885	-2.739	-3.425	-3.519	3.26281619
	9.18	1.89400458	1.8862	2.4802	3.6320	1.7074	-1.431	1.842	0.529	-0.788	-1.482	-2.067	-2.946	-3.653	-3.752	3.26285195
	9.18	1.89442956	1.8867	2.5600	3.6254	1.6015	-1.630	1.820	0.419	-0.936	-1.651	-2.253	-3.161	-3.891	-3.994	3.26287937
	9.18	1.89479077	1.8871	2.6542	3.6179	1.4770	-1.866	1.814	0.308	-1.092	-1.837	-2.469	-3.412	-4.168	-4.279	3.26290274
	9.18	1.89505911	1.8874	2.7452	3.6112	1.3594	-2.093	1.803	0.194	-1.249	-2.020	-2.680	-3.654	-4.432	-4.550	3.26292014
	9.18	1.89525259	1.8876	2.8183	3.6045	1.2595	-2.276	1.833	0.124	-1.361	-2.159	-2.845	-3.850	-4.652	-4.776	3.26293254
	9.18	1.89538467	1.8877	2.8729	3.6002	1.1878	-2.412	1.837	0.060	-1.453	-2.268	-2.970	-3.995	-4.812	-4.940	3.26294112
	9.18	1.89552999	1.8877	2.9342	3.5952	1.1065	-2.566	1.821	0.007	-1.530	-2.369	-3.103	-4.160	-4.991	-5.125	3.26295042
	9.18	1.89565969	1.8878	2.9904	3.5907	1.0324	-2.706	1.802	-0.041	-1.601	-2.462	-3.225	-4.310	-5.156	-5.294	3.26295900
	9.18	1.89579487	1.8877	3.0444	3.5863	0.9608	-2.841	1.787	-0.085	-1.667	-2.551	-3.342	-4.454	-5.314	-5.457	3.26296759
	9.18	1.89594316	1.8877	3.1060	3.5806	0.8762	-2.995	1.785	-0.122	-1.733	-2.645	-3.472	-4.621	-5.499	-5.648	3.26297712
	9.18	1.89610827	1.8875	3.1749	3.5742	0.7817	-3.167	1.773	-0.152	-1.790	-2.740	-3.612	-4.807	-5.706	-5.861	3.26298785
	9.18	1.89617932	1.8874	3.2114	3.5699	0.7279	-3.259	1.747	-0.091	-1.729	-2.722	-3.657	-4.915	-5.823	-5.982	3.26299238
	9.18	1.89619768	1.8874	3.2229	3.5684	0.7107	-3.287	1.738	-0.070	-1.707	-2.715	-3.670	-4.949	-5.860	-6.021	3.26299357
	9.18	1.89620960	1.8872	3.2374	3.5669	0.6900	-3.323	1.723	-0.052	-1.689	-2.712	-3.690	-4.991	-5.906	-6.068	3.26299429
	9.18	1.89622104	1.8869	3.2512	3.5654	0.6701	-3.358	1.708	-0.036	-1.672	-2.710	-3.708	-5.031	-5.950	-6.112	3.26299500
	9.18	1.89623260	1.8867	3.2653	3.5639	0.6500	-3.393	1.691	-0.019	-1.654	-2.707	-3.727	-5.072	-5.994	-6.158	3.26299596
	9.18	1.89624405	1.8864	3.2793	3.5624	0.6299	-3.428	1.673	-0.003	-1.636	-2.704	-3.746	-5.113	-6.038	-6.203	3.26299667
	9.18	1.89625537	1.8861	3.2933	3.5609	0.6098	-3.463	1.654	0.014	-1.619	-2.701	-3.765	-5.153	-6.083	-6.249	3.26299739
	9.18	1.89626682	1.8858	3.3074	3.5594	0.5896	-3.499	1.634	0.030	-1.601	-2.699	-3.784	-5.194	-6.127	-6.294	3.26299810
	9.18	1.89627838	1.8855	3.3217	3.5579	0.5693	-3.534	1.613	0.046	-1.583	-2.696	-3.804	-5.236	-6.172	-6.340	3.26299882
	9.18	1.89628983	1.8851	3.3360	3.5564	0.5488	-3.570	1.591	0.061	-1.564	-2.692	-3.823	-5.277	-6.217	-6.387	3.26299953
	9.18	1.89630115	1.8848	3.3503	3.5548	0.5283	-3.606	1.568	0.077	-1.546	-2.689	-3.842	-5.318	-6.263	-6.433	3.26300025
	9.18	1.89631271	1.8844	3.3648	3.5533	0.5075	-3.642	1.543	0.093	-1.527	-2.686	-3.862	-5.361	-6.309	-6.480	3.26300097
	9.18	1.89632416	1.8839	3.3795	3.5517	0.4864	-3.679	1.517	0.108	-1.508	-2.683	-3.882	-5.403	-6.356	-6.528	3.26300168
	9.18	1.89633560	1.8835	3.3940	3.5502	0.4656	-3.715	1.490	0.124	-1.489	-2.679	-3.901	-5.445	-6.402	-6.575	3.26300240
	9.18	1.89634669	1.8830	3.4082	3.5486	0.4452	-3.751	1.496	0.159	-1.450	-2.660	-3.909	-5.485	-6.445	-6.620	3.26300311
	9.18	1.89635777	1.8826	3.4223	3.5471	0.4250	-3.786	1.506	0.197	-1.409	-2.639	-3.914	-5.525	-6.487	-6.664	3.26300383
	9.18	1.89636886	1.8821	3.4365	3.5456	0.4046	-3.821	1.515	0.235	-1.367	-2.618	-3.920	-5.565	-6.530	-6.709	3.26300454
	9.18	1.89637995	1.8815	3.4506	3.5441	0.3844	-3.857	1.525	0.272	-1.325	-2.598	-3.926	-5.604	-6.573	-6.753	3.26300526
	9.18	1.89639091	1.8810	3.4647	3.5426	0.3642	-3.892	1.534	0.310	-1.284	-2.577	-3.932	-5.644	-6.615	-6.798	3.26300597
	9.18	1.89640200	1.8804	3.4772	3.5413	0.3462	-3.923	1.542	0.343	-1.248	-2.559	-3.937	-5.679	-6.653	-6.837	3.26300669
	9.18	1.89641297	1.8798	3.4853	3.5404	0.3346	-3.943	1.547	0.364	-1.225	-2.547	-3.941	-5.702	-6.677	-6.863	3.26300740
	9.18	1.89642406	1.8791	3.4934	3.5396	0.3230	-3.963	1.552	0.384	-1.202	-2.536	-3.945	-5.724	-6.701	-6.888	3.26300812
	9.18	1.89643514	1.8785	3.5005	3.5389	0.3127	-3.981	1.556	0.403	-1.182	-2.526	-3.948	-5.745	-6.723	-6.911	3.26300883
	9.18	1.89644611	1.8778	3.5058	3.5383	0.3050	-3.994	1.560	0.417	-1.165	-2.518	-3.950	-5.759	-6.739	-6.927	3.26300955
	9.18	1.89645720	1.8771	3.5110	3.5377	0.2973	-4.008	1.563	0.432	-1.149	-2.510	-3.952	-5.774	-6.754	-6.944	3.26301026
	9.18	1.89646828	1.8764	3.5163	3.5371	0.2896	-4.021	1.567	0.446	-1.134	-2.502	-3.954	-5.789	-6.770	-6.960	3.26301098
	9.18	1.89649379	1.8746	3.5276	3.5359	0.2731	-4.049	1.574	0.477	-1.100	-2.484	-3.958	-5.821	-6.804	-6.996	3.26301265
	9.18	1.89652896	1.8721	3.5411	3.5345	0.2531	-4.083	1.583	0.513	-1.059	-2.464	-3.963	-5.859	-6.845	-7.039	3.26301503
	9.18	1.89656389	1.8696	3.5545	3.5330	0.2333	-4.116	1.591	0.549	-1.019	-2.444	-3.969	-5.897	-6.886	-7.081	3.26301718
	9.18	1.89659858	1.8668	3.5680	3.5316	0.2134	-4.150	1.600	0.585	-0.979	-2.424	-3.974	-5.935	-6.926	-7.124	3.26301956
	9.18	1.89663303	1.8640	3.5815	3.5301	0.1935	-4.184	1.608	0.622	-0.939	-2.403	-3.979	-5.973	-6.967	-7.166	3.26302171
	9.18	1.89666736	1.8609	3.5949	3.5287	0.1735	-4.217	1.616	0.658	-0.899	-2.383	-3.985	-6.011	-7.008	-7.209	3.26302385
	9.18	1.89670134	1.8578	3.6084	3.5272	0.1536	-4.251	1.625	0.694	-0.858	-2.363	-3.990	-6.048	-7.048	-7.251	3.26302600
	9.18	1.89673519	1.8544	3.6219	3.5258	0.1335	-4.285	1.633	0.730	-0.818	-2.342	-3.995	-6.086	-7.089	-7.294	3.26302838
	9.18	1.89676869	1.8509	3.6353	3.5243	0.1134	-4.318	1.646	0.772	-0.774	-2.319	-3.996	-6.124	-7.129	-7.335	3.26303053
	9.18	1.89680219	1.8473	3.6489	3.5229	0.0932	-4.352	1.667	0.820	-0.726	-2.292	-3.993	-6.161	-7.168	-7.376	3.26303267
	9.18	1.89683533	1.8434	3.6624	3.5214	0.0730	-4.386	1.688	0.868	-0.677	-2.265	-3.989	-6.198	-7.207	-7.416	3.26303482
	9.18	1.89686823	1.8394	3.6758	3.5200	0.0528	-4.420	1.709	0.916	-0.629	-2.238	-3.985	-6.235	-7.246	-7.457	3.26303673
	9.18	1.89690101	1.8351	3.6894	3.5185	0.0324	-4.453	1.730	0.964	-0.580	-2.211	-3.981	-6.273	-7.285	-7.497	3.26303887
	9.18	1.89693356	1.8306	3.7028	3.5171	0.0121	-4.487	1.750	1.012	-0.532	-2.184	-3.977	-6.310	-7.325	-7.538	3.26304102
	9.18	1.89696586	1.8259	3.7163	3.5156	-0.0084	-4.521	1.771	1.061	-0.483	-2.157	-3.973	-6.347	-7.364	-7.578	3.26304317
	9.18	1.89699769	1.8210	3.7298	3.5142	-0.0288	-4.554	1.792	1.109	-0.434	-2.129	-3.969	-6.384	-7.403	-7.619	3.26304507
	9.18	1.89702964	1.8158	3.7433	3.5127	-0.0495	-4.588	1.813	1.158	-0.385	-2.102	-3.965	-6.421	-7.442	-7.659	3.26304722
	9.18	1.89706123	1.8103	3.7568	3.5112	-0.0702	-4.622	1.834	1.206	-0.337	-2.075	-3.961	-6.459	-7.481	-7.700	3.26304936
	9.18	1.89709246	1.8045	3.7703	3.5098	-0.0909	-4.656	1.855	1.255	-0.288	-2.047	-3.957	-6.496	-7.520	-7.740	3.26305127
	9.18	1.89712381	1.7985	3.7839	3.5083	-0.1118	-4.690	1.877	1.304	-0.238	-2.020	-3.953	-6.533	-7.560	-7.781	3.26305342
	9.18	1.89715457	1.7922	3.7974	3.5068	-0.1326	-4.723	1.898	1.352	-0.189	-1.992	-3.949	-6.570	-7.599	-7.822	3.26305532
	9.18	1.89718533	1.7855	3.8109	3.5054	-0.1537	-4.757	1.919	1.401	-0.140	-1.965	-3.945	-6.608	-7.638	-7.862	3.26305723
	9.18	1.89721560	1.7785	3.8244	3.5039	-0.1748	-4.791	1.940	1.450	-0.091	-1.937	-3.941	-6.645	-7.678	-7.903	3.26305914
	9.18	1.89724588	1.7711	3.8380	3.5024	-0.1960	-4.825	1.962	1.499	-0.041	-1.910	-3.937	-6.682	-7.717	-7.944	3.26306129
	9.18	1.89727581	1.7633	3.8515	3.5010	-0.2173	-4.859	1.983	1.548	0.008	-1.882	-3.932	-6.719	-7.756	-7.984	3.26306319
	9.18	1.89730561	1.7551	3.8651	3.4995	-0.2388	-4.893	1.998	1.590	0.049	-1.863	-3.932	-6.757	-7.795	-8.024	3.26306510
	9.18	1.89733517	1.7465	3.8786	3.4980	-0.2604	-4.927	2.001	1.619	0.074	-1.862	-3.940	-6.794	-7.831	-8.062	3.26306701
	9.18	1.89736450	1.7375	3.8922	3.4965	-0.2822	-4.960	2.005	1.648	0.098	-1.861	-3.947	-6.830	-7.868	-8.100	3.26306891
	9.18	1.89739347	1.7279	3.9057	3.4950	-0.3041	-4.994	2.008	1.677	0.123	-1.860	-3.954	-6.867	-7.904	-8.138	3.26307058
	9.18	1.89742231	1.7178	3.9193	3.4935	-0.3262	-5.028	2.011	1.706	0.148	-1.858	-3.961	-6.904	-7.941	-8.176	3.26307249
	9.18	1.89745080	1.7068	3.9329	3.4921	-0.3485	-5.062	2.014	1.735	0.173	-1.857	-3.968	-6.941	-7.977	-8.214	3.26307440
	9.18	1.89747918	1.6931	3.9465	3.4905	-0.3716	-5.096	2.018	1.765	0.198	-1.855	-3.975	-6.978	-8.014	-8.252	3.26307631
	9.18	1.89750731	1.6715	3.9601	3.4890	-0.3970	-5.130	2.022	1.796	0.225	-1.853	-3.982	-7.015	-8.051	-8.290	3.26307797
	9.18	1.89753151	1.6322	3.9719	3.4876	-0.4249	-5.160	2.029	1.828	0.252	-1.848	-3.985	-7.048	-8.083	-8.324	3.26307964
	9.18	1.89755416	1.5116	3.9831	3.4858	-0.4765	-5.188	2.045	1.874	0.294	-1.834	-3.982	-7.079	-8.114	-8.356	3.26308107
	9.18	1.89756572	1.2811	3.9885	3.4840	-0.5610	-5.201	2.077	1.938	0.352	-1.805	-3.963	-7.096	-8.131	-8.375	3.26308179
	9.18	1.89756882	1.1231	3.9897	3.4829	-0.6236	-5.204	2.101	1.980	0.392	-1.782	-3.946	-7.101	-8.136	-8.381	3.26308203
	9.18	1.89757049	1.0214	3.9902	3.4821	-0.6684	-5.206	2.118	2.011	0.421	-1.766	-3.934	-7.104	-8.139	-8.384	3.26308203
	9.18	1.89757204	0.9286	3.9907	3.4814	-0.7133	-5.207	2.136	2.042	0.449	-1.749	-3.921	-7.107	-8.141	-8.387	3.26308227
	9.18	1.89757371	0.8228	3.9912	3.4804	-0.7701	-5.208	2.158	2.081	0.485	-1.728	-3.906	-7.110	-8.144	-8.391	3.26308227
	9.18	1.89757550	0.7208	3.9917	3.4794	-0.8322	-5.209	2.183	2.124	0.525	-1.704	-3.888	-7.113	-8.147	-8.395	3.26308250
	9.18	1.89757645	0.6617	3.9920	3.4788	-0.8723	-5.210	2.198	2.150	0.550	-1.690	-3.877	-7.115	-8.149	-8.398	3.26308250
	9.18	1.89757681	0.6456	3.8791	4.0000	1.3149	-4.928	-4.987	-4.714	-4.660	-4.668	-4.666	-4.608	-4.605	-4.585	3.26308250
	9.18	1.89757681	0.6456	3.8791	4.1094	1.7524	-4.928	-4.791	-4.228	-4.112	-4.084	-4.033	-3.873	-3.835	-3.796	3.26308250
	9.18	1.89757705	0.6456	3.8780	4.3275	2.6259	-4.925	-4.054	-3.106	-2.894	-2.804	-2.674	-2.366	-2.272	-2.193	3.26308250
	9.18	1.89757729	0.6456	3.8773	4.4100	2.9565	-4.923	-3.765	-2.695	-2.457	-2.350	-2.202	-1.848	-1.739	-1.645	3.26308250
	9.18	1.89757752	0.6456	3.8756	4.5295	3.4365	-4.919	-3.191	-2.057	-1.769	-1.635	-1.459	-1.060	-0.932	-0.822	3.26308250
	9.18	1.89757776	0.6456	3.8727	4.6266	3.8279	-4.912	-2.583	-1.414	-1.102	-0.958	-0.775	-0.368	-0.235	-0.121	3.26308250
	9.18	1.89757800	0.6456	3.8691	4.6969	4.1124	-4.903	-2.098	-0.910	-0.587	-0.436	-0.247	0.170	0.307	0.425	3.26308250
	9.18	1.89757848	0.6456	3.8597	4.8258	4.6375	-4.879	-1.411	-0.179	0.142	0.282	0.470	0.895	1.026	1.136	3.26308250
	9.18	1.89757884	0.6456	3.8441	4.9219	5.0377	-4.840	-0.722	0.524	0.857	1.004	1.199	1.635	1.770	1.885	3.26308250
	9.18	1.89757943	0.6456	3.8081	5.0312	5.5108	-4.750	0.124	1.382	1.726	1.880	2.082	2.528	2.668	2.785	3.26308274
	9.18	1.89757991	0.6456	3.7597	5.1175	5.9042	-4.629	0.853	2.117	2.469	2.626	2.833	3.284	3.427	3.547	3.26308274
	9.18	1.89758039	0.6456	3.6550	5.1943	6.3160	-4.368	1.661	2.931	3.288	3.448	3.657	4.114	4.259	4.380	3.26308274
	9.18	1.89758074	0.6456	3.5137	5.2312	6.6050	-4.014	2.280	3.552	3.911	4.071	4.283	4.741	4.887	5.009	3.26308274
	9.18	1.89758074	0.6456	3.4489	5.2322	6.6739	-3.852	2.449	3.721	4.080	4.241	4.453	4.910	5.056	5.178	3.26308274
	9.18	1.89758086	0.6456	3.3837	5.2322	6.7392	-3.689	2.612	3.884	4.243	4.404	4.616	5.073	5.219	5.341	3.26308274
	9.18	1.89758098	0.6456	3.1920	5.2216	6.8882	-3.210	3.015	4.286	4.645	4.805	5.017	5.474	5.619	5.741	3.26308274
	9.18	1.89758110	0.6456	2.8846	5.1879	7.0609	-2.441	3.542	4.811	5.167	5.327	5.537	5.993	6.137	6.258	3.26308274
	9.18	1.89758122	0.6456	2.7840	5.1720	7.0977	-2.190	3.679	4.948	5.303	5.463	5.671	6.126	6.270	6.391	3.26308274
	9.18	1.89758146	0.6456	2.5810	5.1397	7.1716	-1.682	3.957	5.223	5.577	5.734	5.942	6.395	6.538	6.659	3.26308274
	9.18	1.89758372	0.6456	2.3896	5.1093	7.2414	-1.204	4.220	5.483	5.835	5.991	6.198	6.649	6.792	6.911	3.26308298
	9.18	1.89758694	0.6456	2.2780	5.0920	7.2840	-0.925	4.377	5.639	5.989	6.145	6.351	6.800	6.943	7.062	3.26308322
	9.18	1.89759135	0.6456	2.1874	5.0779	7.3183	-0.698	4.504	5.765	6.114	6.270	6.474	6.923	7.065	7.184	3.26308346
	9.18	1.89759743	0.6456	2.0797	5.0611	7.3586	-0.429	4.655	5.915	6.262	6.416	6.620	7.068	7.209	7.328	3.26308370
	9.18	1.89760602	0.6456	1.9694	5.0437	7.3994	-0.154	4.808	6.067	6.412	6.566	6.770	7.216	7.356	7.475	3.26308441
	9.18	1.89761496	0.6456	1.8863	5.0302	7.4284	0.054	4.921	6.179	6.523	6.676	6.879	7.324	7.464	7.582	3.26308489
	9.18	1.89762664	0.6456	1.7891	5.0142	7.4619	0.297	5.053	6.309	6.652	6.804	7.006	7.450	7.590	7.707	3.26308560
	9.18	1.89764202	0.6456	1.6943	4.9981	7.4922	0.534	5.177	6.432	6.773	6.925	7.126	7.568	7.707	7.824	3.26308680
	9.18	1.89766049	0.6456	1.6023	4.9823	7.5211	0.764	5.298	6.551	6.891	7.041	7.241	7.682	7.821	7.937	3.26308799
	9.18	1.89768302	0.6456	1.5056	4.9657	7.5512	1.006	5.425	6.675	7.014	7.163	7.362	7.802	7.939	8.055	3.26308942
	9.18	1.89772403	0.6456	1.3741	4.9419	7.5874	1.335	5.589	6.837	7.173	7.322	7.518	7.956	8.093	8.208	3.26309204
	9.18	1.89777660	0.6456	1.2438	4.9183	7.6235	1.661	5.754	6.999	7.332	7.479	7.673	8.110	8.244	8.359	3.26309538
	9.18	1.89783037	0.6456	1.1375	4.8987	7.6515	1.926	5.886	7.129	7.459	7.604	7.798	8.232	8.366	8.480	3.26309872
	9.18	1.89790738	0.6457	1.0115	4.8749	7.6821	2.241	6.040	7.279	7.607	7.750	7.942	8.373	8.507	8.619	3.26310372
	9.18	1.89801061	0.6457	0.8717	4.8476	7.7126	2.591	6.205	7.440	7.764	7.906	8.095	8.523	8.655	8.767	3.26311040
	9.18	1.89811659	0.6457	0.7516	4.8241	7.7390	2.891	6.348	7.580	7.901	8.041	8.228	8.653	8.784	8.894	3.26311731
	9.18	1.89822042	0.6457	0.6601	4.8055	7.7559	3.120	6.453	7.682	8.000	8.138	8.323	8.746	8.875	8.985	3.26312399
	9.18	1.89836538	0.6457	0.5480	4.7824	7.7756	3.400	6.581	7.807	8.120	8.256	8.439	8.858	8.987	9.095	3.26313329
	9.18	1.89857233	0.6457	0.4124	4.7538	7.7970	3.739	6.734	7.953	8.262	8.395	8.575	8.991	9.117	9.224	3.26314664
	9.18	1.89888644	0.6458	0.2401	4.7170	7.8220	4.170	7.043	8.242	8.561	8.705	8.892	9.308	9.441	9.556	3.26316667
	9.18	1.89928114	0.6458	0.0825	4.6829	7.8434	4.564	7.275	8.458	8.780	8.931	9.119	9.535	9.671	9.789	3.26319218
	9.18	1.89998341	0.6459	-0.1345	4.6354	7.8705	5.106	7.495	8.663	8.978	9.125	9.310	9.721	9.855	9.970	3.26323724
	9.18	1.90097201	0.6461	-0.3387	4.5902	7.8936	5.617	7.713	8.867	9.169	9.314	9.498	9.909	10.041	10.154	3.26330066
	9.18	1.90152895	0.6461	-0.4258	4.5708	7.9033	5.834	7.820	8.965	9.262	9.406	9.591	10.001	10.133	10.246	3.26333642
	9.18	1.90223086	0.6462	-0.5072	4.5524	7.9110	6.038	7.932	9.066	9.357	9.501	9.685	10.094	10.226	10.337	3.26338124
	9.18	1.90308690	0.6463	-0.5968	4.5320	7.9193	6.262	8.072	9.190	9.473	9.614	9.798	10.202	10.332	10.442	3.26343608
	9.18	1.90407324	0.6465	-0.6705	4.5151	7.9254	6.446	8.195	9.296	9.573	9.712	9.893	10.291	10.419	10.527	3.26349902
	9.18	1.90517461	0.6466	-0.7491	4.4971	7.9321	6.643	8.331	9.413	9.681	9.817	9.995	10.385	10.510	10.616	3.26356936
	9.18	1.90638340	0.6468	-0.8218	4.4804	7.9383	6.824	8.458	9.520	9.781	9.913	10.087	10.469	10.591	10.695	3.26364636
	9.18	1.90769029	0.6469	-0.8860	4.4657	7.9436	6.985	8.568	9.612	9.866	9.995	10.165	10.539	10.659	10.760	3.26372957
	9.18	1.90908945	0.6471	-0.9383	4.4536	7.9475	7.116	8.657	9.686	9.934	10.060	10.227	10.594	10.711	10.810	3.26381850
	9.18	1.91057348	0.6473	-0.9972	4.4399	7.9520	7.263	8.754	9.766	10.008	10.131	10.294	10.654	10.769	10.865	3.26391244
	9.18	1.91151297	0.6474	-0.8551	4.4729	7.9417	6.908	8.516	9.569	9.826	9.957	10.129	10.507	10.628	10.730	3.26397204
	9.18	1.91199207	0.6474	-0.7229	4.5031	7.9305	6.577	8.286	9.374	9.645	9.783	9.962	10.354	10.480	10.587	3.26400232
	9.18	1.91259480	0.6475	-0.5837	4.5350	7.9189	6.229	8.051	9.171	9.456	9.598	9.782	10.186	10.316	10.427	3.26404047
	9.18	1.91321433	0.6475	-0.4445	4.5665	7.9059	5.881	7.846	8.988	9.283	9.428	9.613	10.022	10.155	10.267	3.26407957
	9.18	1.91385472	0.6476	-0.3025	4.5984	7.8916	5.526	7.671	8.828	9.133	9.279	9.462	9.873	10.005	10.119	3.26411986
	9.18	1.91449726	0.6476	-0.1490	4.6325	7.8745	5.143	7.511	8.679	8.993	9.140	9.324	9.735	9.869	9.984	3.26416039
	9.18	1.91550183	0.6477	-0.0255	4.6595	7.8587	4.834	7.385	8.561	8.880	9.029	9.216	9.629	9.764	9.881	3.26422381
	9.18	1.91718626	0.6478	0.1031	4.6876	7.8426	4.512	7.255	8.439	8.762	8.913	9.101	9.518	9.654	9.772	3.26432967
	9.18	1.91951096	0.6480	0.2307	4.7146	7.8234	4.193	7.060	8.257	8.577	8.722	8.909	9.326	9.459	9.574	3.26447558
	9.18	1.92248714	0.6482	0.3369	4.7370	7.8069	3.928	6.859	8.070	8.383	8.519	8.702	9.118	9.246	9.356	3.26466155
	9.18	1.92837799	0.6486	0.4205	4.7538	7.7906	3.719	6.713	7.932	8.242	8.374	8.555	8.970	9.096	9.203	3.26502800
	9.18	1.93978345	0.6494	0.4383	4.7554	7.7800	3.674	6.680	7.899	8.209	8.341	8.522	8.938	9.064	9.171	3.26572967
	9.18	1.96592450	0.6513	0.2791	4.7181	7.7911	4.072	6.949	8.148	8.467	8.611	8.797	9.214	9.346	9.460	3.26730180
	9.18	1.97420299	0.6519	0.2077	4.7023	7.7996	4.251	7.084	8.273	8.597	8.747	8.936	9.353	9.490	9.607	3.26778913
	9.18	1.97471654	0.6519	0.1950	4.6996	7.8018	4.283	7.107	8.294	8.619	8.770	8.959	9.377	9.514	9.632	3.26781917
	9.18	1.97829509	0.6523	0.1193	4.6841	7.8154	4.472	7.191	8.374	8.696	8.847	9.035	9.451	9.587	9.705	3.26802826
	9.18	1.98218191	0.6528	0.0398	4.6678	7.8301	4.670	7.279	8.457	8.778	8.927	9.114	9.529	9.664	9.781	3.26825452
	9.18	1.98574340	0.6532	-0.0196	4.6552	7.8394	4.819	7.342	8.516	8.834	8.983	9.169	9.582	9.717	9.833	3.26846075
	9.18	1.98961771	0.6537	-0.0845	4.6417	7.8505	4.981	7.412	8.582	8.898	9.046	9.231	9.642	9.776	9.892	3.26868415
	9.18	1.99381948	0.6542	-0.1468	4.6285	7.8605	5.137	7.478	8.645	8.958	9.105	9.289	9.700	9.833	9.948	3.26892519
	9.18	1.99836147	0.6547	-0.2090	4.6152	7.8698	5.292	7.546	8.709	9.018	9.164	9.348	9.758	9.891	10.006	3.26918435
	9.18	2.00325108	0.6553	-0.2749	4.6011	7.8796	5.457	7.618	8.777	9.082	9.228	9.411	9.822	9.954	10.068	3.26946187
	9.18	2.00849557	0.6559	-0.3427	4.5864	7.8891	5.627	7.700	8.853	9.154	9.299	9.483	9.894	10.026	10.139	3.26975751
	9.18	2.01410103	0.6566	-0.4107	4.5717	7.8987	5.797	7.787	8.932	9.229	9.374	9.558	9.969	10.101	10.214	3.27007151
	9.18	2.02006888	0.6573	-0.4743	4.5580	7.9079	5.956	7.878	9.015	9.308	9.452	9.636	10.045	10.177	10.289	3.27040315
	9.18	2.02639437	0.6580	-0.5404	4.5437	7.9172	6.121	7.978	9.105	9.393	9.536	9.720	10.127	10.258	10.369	3.27075219
	9.18	2.03306508	0.6588	-0.5978	4.5310	7.9245	6.264	8.070	9.187	9.470	9.612	9.795	10.198	10.329	10.439	3.27111745
	9.18	2.03795290	0.6593	-0.6408	4.5215	7.9301	6.372	8.142	9.250	9.530	9.670	9.852	10.252	10.382	10.491	3.27138329
	9.18	2.04357433	0.6600	-0.6893	4.5109	7.9364	6.493	8.228	9.325	9.599	9.738	9.918	10.314	10.441	10.549	3.27168679
	9.18	2.04851699	0.6606	-0.7314	4.5017	7.9421	6.598	8.302	9.389	9.660	9.797	9.976	10.368	10.493	10.600	3.27195215
	9.18	2.05467248	0.6613	-0.7854	4.4899	7.9493	6.733	8.398	9.471	9.737	9.871	10.047	10.433	10.557	10.662	3.27228022
	9.18	2.06148076	0.6621	-0.8685	4.4714	7.9592	6.941	8.544	9.596	9.852	9.983	10.154	10.531	10.652	10.754	3.27264023
	9.18	2.06833482	0.6629	-0.9437	4.4547	7.9679	7.129	8.674	9.705	9.953	10.080	10.247	10.614	10.732	10.831	3.27299976
	9.18	2.07639217	0.6638	-1.0203	4.4375	7.9764	7.321	8.803	9.811	10.052	10.175	10.337	10.696	10.810	10.906	3.27341866
	9.18	2.08471060	0.6647	-1.0867	4.4226	7.9837	7.487	8.913	9.902	10.137	10.257	10.415	10.765	10.877	10.970	3.27384663
	9.18	2.09325886	0.6657	-1.1518	4.4079	7.9907	7.649	9.021	9.989	10.218	10.334	10.489	10.831	10.940	11.030	3.27428246
	9.18	2.10200500	0.6667	-1.2080	4.3952	7.9966	7.790	9.113	10.063	10.287	10.401	10.552	10.888	10.994	11.082	3.27472353
	9.18	2.11112189	0.6677	-1.2632	4.3826	8.0023	7.928	9.205	10.136	10.354	10.466	10.614	10.942	11.046	11.131	3.27517843
	9.18	2.12027836	0.6688	-1.3177	4.3702	8.0080	8.064	9.295	10.207	10.420	10.530	10.674	10.995	11.096	11.178	3.27563047
	9.18	2.12905455	0.6698	-1.3660	4.3593	8.0131	8.185	9.375	10.270	10.479	10.585	10.726	11.042	11.139	11.219	3.27605915
	9.18	2.13799286	0.6708	-1.4162	4.3479	8.0184	8.310	9.458	10.336	10.539	10.643	10.781	11.089	11.184	11.262	3.27649140
	9.18	2.14658380	0.6718	-1.4562	4.3388	8.0227	8.410	9.524	10.387	10.586	10.688	10.823	11.126	11.219	11.295	3.27690244
	9.18	2.15526962	0.6727	-1.4919	4.3307	8.0265	8.500	9.583	10.433	10.628	10.728	10.861	11.159	11.250	11.325	3.27731395
	9.18	2.16382647	0.6737	-1.5286	4.3223	8.0303	8.591	9.643	10.480	10.672	10.770	10.899	11.192	11.282	11.355	3.27771544
	9.18	2.17247796	0.6747	-1.5673	4.3135	8.0344	8.688	9.706	10.529	10.716	10.812	10.939	11.227	11.315	11.386	3.27811742
	9.18	2.18418694	0.6760	-1.6613	4.2953	8.0565	8.923	9.872	10.664	10.843	10.934	11.056	11.333	11.417	11.485	3.27865481
	9.18	2.19668174	0.6773	-1.7608	4.2775	8.0857	9.172	10.052	10.815	10.985	11.071	11.189	11.455	11.535	11.600	3.27922058
	9.18	2.21202874	0.6793	-1.7780	4.2724	8.0838	9.215	10.076	10.829	10.997	11.083	11.198	11.461	11.541	11.605	3.27990460
	9.18	2.23556542	0.6823	-1.7659	4.2725	8.0740	9.185	10.046	10.800	10.967	11.053	11.168	11.432	11.511	11.575	3.28093100
	9.18	2.26113677	0.6856	-1.7680	4.2709	8.0715	9.190	10.044	10.795	10.962	11.047	11.163	11.425	11.504	11.568	3.28201604
	9.18	2.29257870	0.6895	-1.8204	4.2606	8.0852	9.321	10.136	10.869	11.031	11.114	11.226	11.482	11.559	11.621	3.28330898
	9.18	2.32464767	0.6936	-1.8811	4.2484	8.0999	9.473	10.242	10.954	11.109	11.189	11.297	11.546	11.621	11.681	3.28458285
	9.18	2.37292957	0.6996	-1.9808	4.2282	8.1225	9.722	10.416	11.090	11.235	11.311	11.413	11.649	11.720	11.777	3.28642035
	9.18	2.42065477	0.7055	-2.0822	4.2076	8.1449	9.975	10.595	11.229	11.364	11.435	11.531	11.754	11.821	11.874	3.28814745
	9.18	2.49134731	0.7140	-2.2404	4.1750	8.1783	10.371	10.881	11.446	11.565	11.628	11.715	11.916	11.976	12.023	3.29055500
	9.18	2.50000000	0.7151	-2.2602	4.1710	8.1824	10.420	10.918	11.474	11.590	11.652	11.738	11.936	11.996	12.042	3.29083824
	9.18	2.50677776	0.7160	-2.2564	4.1719	8.1830	10.411	10.912	11.469	11.586	11.649	11.735	11.934	11.994	12.040	3.29105830
	9.18	2.57700562	0.7259	-2.2118	4.1832	8.1895	10.299	10.836	11.419	11.542	11.607	11.697	11.903	11.965	12.013	3.29325080
	9.18	2.65268731	0.7363	-2.1543	4.1977	8.1962	10.156	10.741	11.355	11.485	11.553	11.647	11.863	11.928	11.979	3.29544592
	9.18	2.73477650	0.7475	-2.0818	4.2159	8.2032	9.975	10.624	11.275	11.414	11.486	11.585	11.813	11.882	11.936	3.29764986
	9.18	2.82325768	0.7594	-1.9979	4.2371	8.2107	9.765	10.491	11.183	11.332	11.410	11.515	11.756	11.829	11.887	3.29984069
	9.18	2.91705585	0.7717	-1.9048	4.2606	8.2187	9.532	10.347	11.081	11.242	11.325	11.437	11.693	11.770	11.832	3.30197573
	9.18	3.00591540	0.7836	-1.9352	4.2558	8.2364	9.608	10.405	11.130	11.289	11.371	11.481	11.734	11.810	11.872	3.30384016
	9.18	3.02716613	0.7874	-2.1690	4.2077	8.2801	10.193	10.813	11.447	11.582	11.653	11.749	11.972	12.039	12.092	3.30426502
	9.18	3.04668570	0.7909	-2.3506	4.1657	8.2955	10.647	11.129	11.672	11.785	11.846	11.931	12.125	12.184	12.228	3.30464864
	9.18	3.06412745	0.7941	-2.4995	4.1299	8.3029	11.019	11.404	11.857	11.950	12.004	12.077	12.244	12.295	12.334	3.30498576
	9.18	3.08616304	0.7981	-2.6779	4.0870	8.3120	11.465	11.758	12.091	12.156	12.200	12.259	12.390	12.430	12.460	3.30540490
	9.18	3.09594655	0.7998	-2.1447	4.2072	8.2605	10.132	10.750	11.384	11.518	11.589	11.685	11.907	11.974	12.027	3.30558848
	9.18	3.09716940	0.8000	-2.1882	4.1968	8.2625	10.240	10.822	11.435	11.564	11.632	11.726	11.941	12.006	12.057	3.30561137
	9.18	3.09816074	0.8002	-2.1114	4.2152	8.2593	10.049	10.695	11.344	11.483	11.555	11.654	11.881	11.950	12.004	3.30562973
	9.18	3.10160446	0.8008	-2.0882	4.2208	8.2587	9.990	10.657	11.317	11.459	11.532	11.633	11.864	11.933	11.988	3.30569386
	9.18	3.10373139	0.8012	-2.8162	4.0537	8.3189	11.810	12.052	12.286	12.322	12.356	12.402	12.502	12.534	12.555	3.30573344
	9.18	3.10543251	0.8015	-2.0687	4.2255	8.2585	9.942	10.625	11.295	11.438	11.513	11.615	11.849	11.920	11.975	3.30576515
	9.18	3.10927725	0.8022	-2.0439	4.2315	8.2581	9.880	10.585	11.266	11.413	11.489	11.592	11.830	11.902	11.959	3.30583620
	9.18	3.11233306	0.8028	-2.3098	4.1680	8.2705	10.544	11.034	11.582	11.697	11.759	11.844	12.040	12.099	12.144	3.30589247
	9.18	3.11309433	0.8029	-2.0225	4.2367	8.2578	9.826	10.551	11.242	11.391	11.468	11.573	11.814	11.887	11.945	3.30590653
	9.18	3.11682916	0.8036	-1.9922	4.2439	8.2569	9.751	10.503	11.206	11.359	11.439	11.545	11.791	11.865	11.924	3.30597520
	9.18	3.12048244	0.8042	-1.9588	4.2519	8.2558	9.667	10.449	11.167	11.324	11.405	11.515	11.766	11.841	11.901	3.30604219
	9.18	3.12182426	0.8045	-2.9565	4.0200	8.3259	12.161	12.363	12.505	12.499	12.519	12.548	12.614	12.635	12.647	3.30606675
	9.18	3.12376714	0.8048	-1.9088	4.2636	8.2530	9.542	10.369	11.107	11.270	11.354	11.467	11.725	11.802	11.865	3.30610228
	9.18	3.12635732	0.8053	-1.8656	4.2737	8.2505	9.434	10.299	11.056	11.224	11.310	11.426	11.690	11.769	11.834	3.30614948
	9.18	3.12953758	0.8058	-1.7775	4.2940	8.2439	9.214	10.157	10.948	11.126	11.217	11.338	11.614	11.698	11.766	3.30620742
	9.18	3.13239932	0.8064	-3.0396	3.9999	8.3298	12.369	12.550	12.645	12.609	12.619	12.634	12.680	12.692	12.700	3.30625939
	9.18	3.13386726	0.8066	-1.7675	4.2963	8.2435	9.189	10.141	10.935	11.114	11.206	11.328	11.606	11.690	11.758	3.30628586
	9.18	3.13752079	0.8073	-1.7588	4.2984	8.2432	9.167	10.127	10.925	11.105	11.197	11.319	11.598	11.683	11.752	3.30635190
	9.18	3.14125299	0.8079	-3.1101	3.9829	8.3331	12.545	12.714	12.780	12.714	12.710	12.711	12.737	12.740	12.744	3.30641913
	9.18	3.14209843	0.8081	-1.7475	4.3010	8.2428	9.139	10.109	10.911	11.092	11.185	11.308	11.589	11.674	11.743	3.30643439
	9.18	3.14637876	0.8089	-1.7306	4.3047	8.2413	9.096	10.081	10.889	11.072	11.166	11.290	11.573	11.659	11.729	3.30651116
	9.18	3.14806914	0.8092	-3.1665	3.9693	8.3356	12.686	12.846	12.896	12.805	12.786	12.774	12.784	12.777	12.780	3.30654144
	9.18	3.15027237	0.8096	-1.7154	4.3081	8.2401	9.058	10.056	10.869	11.054	11.149	11.274	11.559	11.646	11.716	3.30658102
	9.18	3.15287542	0.8100	-3.2081	3.9592	8.3373	12.790	12.946	12.990	12.878	12.846	12.823	12.820	12.805	12.807	3.30662727
	9.18	3.15380907	0.8102	-1.6918	4.3134	8.2381	8.999	10.017	10.839	11.027	11.123	11.249	11.537	11.625	11.696	3.30664396
	9.18	3.15701628	0.8108	-1.6680	4.3188	8.2361	8.940	9.978	10.809	10.999	11.096	11.225	11.516	11.605	11.677	3.30670094
	9.18	3.15739608	0.8108	-3.2486	3.9493	8.3389	12.892	13.044	13.082	12.949	12.905	12.871	12.854	12.832	12.833	3.30670786
	9.18	3.15991998	0.8113	-1.6387	4.3253	8.2330	8.867	9.930	10.771	10.964	11.063	11.193	11.488	11.578	11.652	3.30675244
	9.18	3.16254425	0.8117	-1.6106	4.3315	8.2299	8.796	9.883	10.734	10.930	11.030	11.162	11.461	11.552	11.627	3.30679893
	9.18	3.16491222	0.8122	-1.5813	4.3380	8.2269	8.723	9.834	10.695	10.894	10.996	11.131	11.433	11.526	11.602	3.30684090
	9.18	3.16704583	0.8126	-1.5528	4.3444	8.2240	8.652	9.787	10.658	10.860	10.963	11.100	11.406	11.500	11.577	3.30687833
	9.18	3.16896558	0.8129	-1.5235	4.3508	8.2207	8.579	9.738	10.619	10.824	10.929	11.067	11.377	11.473	11.552	3.30691218
	9.18	3.17069101	0.8132	-1.4916	4.3577	8.2165	8.499	9.683	10.576	10.783	10.890	11.030	11.345	11.442	11.522	3.30694246
	9.18	3.17223978	0.8135	-1.4621	4.3641	8.2128	8.425	9.633	10.536	10.746	10.854	10.996	11.314	11.413	11.494	3.30696964
	9.18	3.18124938	0.8151	-1.4977	4.3551	8.2131	8.514	9.689	10.577	10.784	10.889	11.029	11.342	11.439	11.518	3.30712700
	9.18	3.19094276	0.8168	-1.3444	4.3920	8.2084	8.131	9.442	10.387	10.610	10.723	10.873	11.208	11.313	11.400	3.30729508
	9.18	3.20145869	0.8187	-1.1994	4.4269	8.2042	7.769	9.211	10.206	10.443	10.563	10.722	11.075	11.188	11.282	3.30747557
	9.18	3.21295500	0.8207	-1.0686	4.4587	8.2014	7.441	9.000	10.036	10.286	10.413	10.581	10.951	11.070	11.170	3.30767131
	9.18	3.22561836	0.8230	-0.9490	4.4877	8.1992	7.143	8.800	9.871	10.135	10.269	10.444	10.830	10.953	11.058	3.30788469
	9.18	3.23966193	0.8255	-0.8436	4.5135	8.1985	6.879	8.622	9.722	9.998	10.137	10.318	10.715	10.842	10.951	3.30811858
	9.18	3.25528312	0.8282	-0.7523	4.5362	8.1992	6.651	8.478	9.599	9.884	10.026	10.210	10.614	10.745	10.855	3.30837560
	9.18	3.27260399	0.8313	-0.6741	4.5558	8.2011	6.455	8.367	9.502	9.794	9.938	10.123	10.532	10.664	10.776	3.30865669
	9.18	3.29163408	0.8347	-0.6120	4.5707	8.2004	6.300	8.285	9.430	9.727	9.871	10.056	10.466	10.598	10.711	3.30896091
	9.18	3.33149719	0.8417	-0.5411	4.5907	8.2131	6.123	8.222	9.376	9.679	9.824	10.008	10.418	10.551	10.664	3.30958295
	9.18	3.39998698	0.8537	-0.5552	4.5938	8.2455	6.158	8.275	9.430	9.734	9.879	10.063	10.473	10.606	10.719	3.31060576
	9.18	3.46105790	0.8643	-0.5954	4.5895	8.2743	6.259	8.351	9.504	9.807	9.952	10.136	10.546	10.679	10.792	3.31147170
	9.18	3.50000000	0.8711	-0.6102	4.5895	8.2921	6.296	8.387	9.541	9.843	9.988	10.172	10.583	10.715	10.828	3.31200266
	9.18	3.55266023	0.8816	-0.7324	4.5643	8.3189	6.601	8.555	9.695	9.990	10.134	10.319	10.729	10.861	10.973	3.31269574
	9.18	4.01489067	0.9724	-1.7219	4.3604	8.5353	9.075	10.269	11.166	11.375	11.482	11.623	11.939	12.037	12.117	3.31775117
	9.18	4.04510450	0.9786	-1.7627	4.3529	8.5488	9.177	10.343	11.228	11.434	11.539	11.678	11.989	12.086	12.165	3.31802773
	9.18	4.08052635	0.9860	-1.7898	4.3490	8.5635	9.244	10.396	11.275	11.479	11.583	11.721	12.030	12.126	12.204	3.31834435
	9.18	4.12350750	0.9949	-1.6855	4.3759	8.5707	8.984	10.235	11.156	11.372	11.482	11.628	11.953	12.055	12.138	3.31871843
	9.18	4.16833544	1.0042	-1.8293	4.3446	8.5937	9.343	10.479	11.351	11.553	11.656	11.793	12.099	12.193	12.271	3.31909704
	9.18	4.21307468	1.0135	-1.9742	4.3132	8.6168	9.706	10.722	11.544	11.732	11.827	11.954	12.242	12.330	12.401	3.31946373
	9.18	4.25789690	1.0228	-2.1200	4.2816	8.6401	10.070	10.966	11.735	11.907	11.995	12.113	12.382	12.463	12.529	3.31981993
	9.18	4.30286646	1.0320	-2.2607	4.2512	8.6634	10.422	11.201	11.918	12.075	12.156	12.265	12.515	12.590	12.651	3.32016706
	9.18	4.34807682	1.0414	-2.4038	4.2204	8.6868	10.780	11.445	12.104	12.245	12.319	12.419	12.650	12.720	12.774	3.32050586
	9.18	4.39393520	1.0508	-2.5444	4.1901	8.7104	11.131	11.691	12.289	12.415	12.481	12.573	12.784	12.847	12.897	3.32083941
	9.18	4.44021034	1.0603	-2.6852	4.1599	8.7343	11.483	11.948	12.477	12.588	12.648	12.731	12.920	12.978	13.022	3.32116628
	9.18	4.48662663	1.0698	-2.8209	4.1311	8.7587	11.822	12.211	12.667	12.760	12.814	12.888	13.056	13.108	13.146	3.32148457
	9.18	4.52381563	1.0777	-2.8538	4.1262	8.7753	11.905	12.281	12.724	12.815	12.868	12.940	13.104	13.154	13.192	3.32173276
	9.18	4.55051422	1.0834	-2.8404	4.1317	8.7859	11.871	12.261	12.718	12.812	12.867	12.941	13.109	13.160	13.199	3.32190776
	9.18	4.57553530	1.0888	-2.8162	4.1396	8.7954	11.810	12.220	12.698	12.797	12.853	12.930	13.104	13.157	13.197	3.32206893
	9.18	4.59495926	1.0930	-2.8490	4.1330	8.8035	11.892	12.286	12.747	12.841	12.896	12.970	13.139	13.191	13.230	3.32219219
	9.18	4.61535358	1.0974	-2.8372	4.1375	8.8117	11.863	12.268	12.740	12.838	12.894	12.969	13.142	13.195	13.235	3.32232022
	9.18	4.63685513	1.1020	-2.8195	4.1436	8.8202	11.819	12.239	12.728	12.829	12.886	12.963	13.141	13.195	13.236	3.32245350
	9.18	4.65974903	1.1069	-2.7972	4.1510	8.8293	11.763	12.202	12.710	12.815	12.874	12.954	13.137	13.193	13.235	3.32259345
	9.18	4.68433428	1.1122	-2.7713	4.1594	8.8390	11.698	12.162	12.690	12.800	12.860	12.942	13.132	13.189	13.233	3.32274175
	9.18	4.71093225	1.1178	-2.7436	4.1684	8.8495	11.629	12.119	12.668	12.784	12.845	12.931	13.126	13.186	13.231	3.32289958
	9.18	4.74018669	1.1241	-2.7159	4.1776	8.8610	11.560	12.078	12.649	12.769	12.832	12.920	13.123	13.184	13.231	3.32307029
	9.18	4.77299643	1.1311	-2.6905	4.1865	8.8739	11.496	12.044	12.634	12.758	12.824	12.914	13.123	13.186	13.235	3.32325840
	9.18	4.81055260	1.1392	-2.6705	4.1944	8.8888	11.446	12.020	12.627	12.756	12.823	12.916	13.130	13.194	13.245	3.32346916
	9.18	4.85205173	1.1480	-2.6618	4.1994	8.9035	11.424	12.015	12.633	12.764	12.832	12.927	13.144	13.210	13.261	3.32369661
	9.18	4.89552498	1.1573	-2.6675	4.2005	8.9170	11.439	12.033	12.653	12.785	12.853	12.948	13.166	13.232	13.283	3.32392931
	9.18	4.93669558	1.1661	-2.6807	4.2009	8.9349	11.472	12.067	12.688	12.820	12.889	12.983	13.202	13.267	13.319	3.32414412
