# File generated by CMD 3.1 (http://stev.oapd.inaf.it/cmd) on Sat Apr  9 05:42:25 CEST 2022
# Basic reference: Girardi et al. (2002, A&A 391, 195)
#  uses the "basic set" of tracks described in Table 1 of Girardi et al. (2002, A&A 391, 195)
# Photometric system: <i>UBVRIJHK</i> (cf. Maiz-Apellaniz 2006 + Bessell 1990)
# Using OBC version of bolometric corrections as detailed in Marigo et al. (2008, A&A 482, 883) and Girardi et al. (2008, PASP 120, 583)
# BCs of Carbon stars derive from Aringer et al. (2009, A&A 503, 913)
# O-rich circumstellar dust ignored
# C-rich circumstellar dust ignored
# IMF: Chabrier (2001) lognormal 
# Kind of output: isochrone tables
#	Isochrone	Z = 0.01520		Age = 	5.000e+08 yr
# log(age/yr)	M_ini   	M_act	logL/Lo	logTe	logG	mbol    U       B       V       R       I       J       H       K	int_IMF
	8.70	0.15000001	0.1500	-2.4955	3.5240	5.1516	11.009	15.938	14.431	12.847	11.740	10.426	9.204	8.651	8.402	1.96093953
	8.70	0.20000000	0.2000	-2.2204	3.5455	5.0876	10.321	14.780	13.390	11.883	10.853	9.694	8.571	8.002	7.765	2.22178221
	8.70	0.25000000	0.2500	-2.0327	3.5570	5.0428	9.852	14.037	12.733	11.283	10.287	9.202	8.123	7.547	7.326	2.40809011
	8.70	0.30000001	0.3000	-1.8836	3.5662	5.0095	9.479	13.435	12.211	10.812	9.841	8.812	7.763	7.184	6.980	2.54750419
	8.70	0.34999999	0.3500	-1.7558	3.5746	4.9822	9.159	12.915	11.762	10.409	9.458	8.476	7.454	6.872	6.684	2.65552020
	8.70	0.40000001	0.4000	-1.6143	3.5822	4.9291	8.806	12.427	11.310	9.984	9.054	8.121	7.121	6.523	6.349	2.74133730
	8.70	0.44999999	0.4500	-1.4913	3.5912	4.8932	8.498	11.952	10.868	9.572	8.672	7.813	6.847	6.223	6.067	2.81098008
	8.70	0.50000000	0.5000	-1.3691	3.6016	4.8584	8.193	11.460	10.407	9.142	8.279	7.508	6.582	5.927	5.792	2.86847806
	8.70	0.55000001	0.5500	-1.2373	3.6131	4.8141	7.863	11.001	9.957	8.721	7.895	7.185	6.290	5.617	5.496	2.91663504
	8.70	0.60000002	0.6000	-1.1109	3.6257	4.7759	7.547	10.536	9.507	8.303	7.517	6.874	6.014	5.327	5.220	2.95739889
	8.70	0.69999999	0.7000	-0.8444	3.6554	4.6952	6.881	9.388	8.498	7.411	6.731	6.195	5.429	4.791	4.709	3.02253795
	8.70	0.87420297	0.8742	-0.3915	3.7194	4.5949	5.749	7.175	6.766	5.926	5.449	5.052	4.505	4.059	4.009	3.10121846
	8.70	1.03714681	1.0371	-0.0242	3.7655	4.4859	4.830	5.637	5.537	4.891	4.516	4.193	3.781	3.447	3.415	3.15059495
	8.70	1.12260902	1.1225	0.1444	3.7862	4.4345	4.409	5.011	5.000	4.440	4.106	3.815	3.457	3.168	3.142	3.17047715
	8.70	1.18910110	1.1890	0.2754	3.8024	4.3934	4.081	4.553	4.589	4.094	3.791	3.526	3.208	2.954	2.932	3.18382192
	8.70	1.24119735	1.2410	0.3735	3.8144	4.3621	3.836	4.241	4.291	3.840	3.559	3.313	3.025	2.794	2.775	3.19320250
	8.70	1.27697957	1.2768	0.4383	3.8223	4.3411	3.674	4.035	4.094	3.671	3.406	3.173	2.903	2.688	2.671	3.19916582
	8.70	1.30385745	1.3036	0.4853	3.8279	4.3255	3.557	3.893	3.953	3.549	3.295	3.071	2.814	2.611	2.595	3.20340323
	8.70	1.32521415	1.3250	0.5213	3.8322	4.3135	3.467	3.789	3.847	3.457	3.211	2.994	2.747	2.552	2.536	3.20663142
	8.70	1.32579696	1.3256	0.5219	3.8322	4.3135	3.465	3.788	3.845	3.455	3.209	2.993	2.746	2.551	2.535	3.20671773
	8.70	1.42579699	1.4255	0.6724	3.8533	4.2786	3.089	3.347	3.392	3.067	2.862	2.681	2.482	2.328	2.315	3.22036934
	8.70	1.51123440	1.5108	0.7891	3.8724	4.2636	2.797	3.018	3.040	2.767	2.600	2.454	2.295	2.177	2.167	3.23042178
	8.70	1.60000002	1.5995	0.9046	3.8897	4.2421	2.509	2.708	2.704	2.477	2.344	2.231	2.107	2.018	2.009	3.23958373
	8.70	1.73010790	1.7294	1.0567	3.9128	4.2163	2.128	2.304	2.270	2.107	2.021	1.948	1.866	1.812	1.804	3.25104260
	8.70	1.77420294	1.7734	1.1061	3.9192	4.2035	2.005	2.174	2.133	1.989	1.915	1.853	1.783	1.737	1.730	3.25447583
	8.70	1.89178097	1.8916	1.2312	3.9342	4.1664	1.692	1.846	1.803	1.702	1.653	1.613	1.566	1.538	1.532	3.26270795
	8.70	1.91130447	1.9113	1.2516	3.9364	4.1591	1.641	1.792	1.751	1.655	1.610	1.573	1.529	1.503	1.497	3.26395869
	8.70	1.97420299	1.9729	1.3161	3.9418	4.1301	1.480	1.624	1.586	1.506	1.469	1.439	1.404	1.383	1.378	3.26778913
	8.70	2.02479887	2.0234	1.3667	3.9463	4.1086	1.353	1.492	1.457	1.389	1.359	1.335	1.307	1.290	1.286	3.27066445
	8.70	2.13469362	2.1329	1.4750	3.9536	4.0522	1.082	1.213	1.187	1.139	1.118	1.103	1.085	1.074	1.071	3.27633238
	8.70	2.20000005	2.1980	1.5384	3.9560	4.0115	0.924	1.051	1.029	0.989	0.971	0.959	0.943	0.934	0.932	3.27936959
	8.70	2.23521519	2.2331	1.5719	3.9571	3.9895	0.840	0.965	0.946	0.909	0.893	0.882	0.868	0.859	0.857	3.28091598
	8.70	2.31331277	2.3108	1.6457	3.9572	3.9310	0.656	0.777	0.758	0.725	0.709	0.699	0.685	0.676	0.674	3.28413773
	8.70	2.37980533	2.3769	1.7076	3.9545	3.8705	0.501	0.619	0.594	0.560	0.543	0.530	0.512	0.502	0.500	3.28667450
	8.70	2.43690681	2.4336	1.7599	3.9493	3.8077	0.370	0.488	0.450	0.411	0.389	0.372	0.347	0.335	0.331	3.28871632
	8.70	2.48616934	2.4825	1.8038	3.9420	3.7431	0.261	0.385	0.334	0.282	0.252	0.227	0.191	0.172	0.167	3.29038453
	8.70	2.50000000	2.4962	1.8158	3.9392	3.7222	0.231	0.359	0.301	0.245	0.212	0.183	0.143	0.121	0.116	3.29083824
	8.70	2.53063011	2.5265	1.8419	3.9332	3.6775	0.165	0.300	0.231	0.164	0.124	0.089	0.039	0.013	0.006	3.29182053
	8.70	2.56911230	2.5646	1.8748	3.9239	3.6137	0.083	0.231	0.142	0.058	0.007	-0.038	-0.102	-0.136	-0.145	3.29301214
	8.70	2.58638239	2.5817	1.8904	3.9196	3.5839	0.044	0.199	0.107	0.013	-0.045	-0.096	-0.168	-0.207	-0.216	3.29353189
	8.70	2.60241294	2.5976	1.9069	3.9165	3.5576	0.003	0.164	0.068	-0.033	-0.096	-0.151	-0.228	-0.271	-0.281	3.29400635
	8.70	2.61228156	2.6073	1.9195	3.9161	3.5451	-0.029	0.133	0.036	-0.065	-0.129	-0.184	-0.262	-0.305	-0.315	3.29429460
	8.70	2.62099338	2.6159	1.9357	3.9193	3.5432	-0.069	0.085	-0.010	-0.102	-0.159	-0.210	-0.282	-0.321	-0.331	3.29454684
	8.70	2.62710357	2.6220	1.9559	3.9277	3.5575	-0.120	0.019	-0.067	-0.137	-0.182	-0.222	-0.280	-0.310	-0.318	3.29472232
	8.70	2.63122392	2.6260	1.9915	3.9468	3.5989	-0.209	-0.101	-0.145	-0.176	-0.198	-0.216	-0.246	-0.260	-0.264	3.29484010
	8.70	2.63239408	2.6272	2.0255	3.9639	3.6335	-0.294	-0.200	-0.197	-0.199	-0.207	-0.211	-0.217	-0.221	-0.220	3.29487348
	8.70	2.63299131	2.6278	2.0647	3.9809	3.6625	-0.392	-0.304	-0.252	-0.229	-0.225	-0.216	-0.200	-0.195	-0.190	3.29489040
	8.70	2.63310027	2.6279	2.0475	3.9777	3.6670	-0.349	-0.261	-0.219	-0.200	-0.198	-0.191	-0.178	-0.175	-0.171	3.29489350
	8.70	2.63324261	2.6280	2.0120	3.9649	3.6512	-0.260	-0.166	-0.160	-0.162	-0.169	-0.172	-0.176	-0.180	-0.179	3.29489756
	8.70	2.63343263	2.6282	2.0052	3.9502	3.5994	-0.243	-0.141	-0.177	-0.201	-0.219	-0.233	-0.258	-0.269	-0.272	3.29490304
	8.70	2.63371611	2.6285	2.0158	3.9334	3.5214	-0.269	-0.143	-0.218	-0.272	-0.310	-0.343	-0.393	-0.418	-0.425	3.29491115
	8.70	2.63412738	2.6289	2.0268	3.9142	3.4339	-0.297	-0.137	-0.240	-0.338	-0.402	-0.459	-0.541	-0.585	-0.595	3.29492283
	8.70	2.63439035	2.6291	2.0298	3.9033	3.3870	-0.305	-0.121	-0.236	-0.362	-0.443	-0.516	-0.616	-0.673	-0.685	3.29493022
	8.70	2.63490248	2.6296	2.0267	3.8841	3.3134	-0.297	-0.071	-0.182	-0.367	-0.485	-0.588	-0.725	-0.808	-0.823	3.29494476
	8.70	2.63550234	2.6302	2.0179	3.8622	3.2350	-0.275	0.009	-0.091	-0.345	-0.507	-0.650	-0.830	-0.948	-0.966	3.29496193
	8.70	2.63616657	2.6309	2.0030	3.8376	3.1516	-0.238	0.128	0.040	-0.294	-0.507	-0.696	-0.930	-1.093	-1.115	3.29498076
	8.70	2.63662839	2.6313	1.9885	3.8204	3.0973	-0.201	0.239	0.152	-0.243	-0.491	-0.712	-0.985	-1.183	-1.208	3.29499388
	8.70	2.63709331	2.6318	1.9697	3.8034	3.0482	-0.154	0.378	0.284	-0.176	-0.460	-0.711	-1.026	-1.259	-1.288	3.29500699
	8.70	2.63755608	2.6322	1.9457	3.7864	3.0042	-0.094	0.564	0.441	-0.091	-0.410	-0.692	-1.049	-1.320	-1.352	3.29502010
	8.70	2.63801050	2.6327	1.9162	3.7701	2.9685	-0.021	0.782	0.616	0.011	-0.343	-0.653	-1.053	-1.361	-1.397	3.29503298
	8.70	2.63845158	2.6331	1.8778	3.7554	2.9481	0.076	1.039	0.813	0.138	-0.248	-0.583	-1.023	-1.366	-1.407	3.29504561
	8.70	2.63887620	2.6335	1.8327	3.7426	2.9422	0.188	1.311	1.020	0.282	-0.132	-0.489	-0.965	-1.340	-1.384	3.29505754
	8.70	2.63928747	2.6339	1.7855	3.7314	2.9449	0.306	1.579	1.225	0.430	-0.007	-0.384	-0.894	-1.297	-1.343	3.29506922
	8.70	2.63968396	2.6343	1.7480	3.7216	2.9429	0.400	1.815	1.397	0.553	0.094	-0.299	-0.840	-1.269	-1.318	3.29508042
	8.70	2.64007521	2.6347	1.7310	3.7130	2.9255	0.443	1.995	1.514	0.627	0.148	-0.260	-0.829	-1.282	-1.335	3.29509163
	8.70	2.64075089	2.6354	1.7751	3.7022	2.8384	0.332	2.064	1.497	0.555	0.051	-0.375	-0.980	-1.462	-1.519	3.29511070
	8.70	2.64142370	2.6360	1.8360	3.6948	2.7481	0.180	2.045	1.415	0.435	-0.087	-0.527	-1.157	-1.661	-1.721	3.29512954
	8.70	2.64223194	2.6368	1.9069	3.6886	2.6527	0.003	1.986	1.298	0.286	-0.250	-0.702	-1.355	-1.877	-1.940	3.29515243
	8.70	2.64316201	2.6377	1.9856	3.6829	2.5511	-0.194	1.902	1.159	0.116	-0.434	-0.897	-1.571	-2.110	-2.176	3.29517865
	8.70	2.64391327	2.6384	2.0489	3.6781	2.4689	-0.352	1.839	1.048	-0.020	-0.582	-1.054	-1.746	-2.298	-2.366	3.29519987
	8.70	2.64482284	2.6393	2.1264	3.6727	2.3699	-0.546	1.760	0.913	-0.185	-0.761	-1.244	-1.956	-2.525	-2.596	3.29522538
	8.70	2.64566612	2.6401	2.1986	3.6683	2.2801	-0.727	1.678	0.783	-0.339	-0.927	-1.420	-2.149	-2.733	-2.807	3.29524922
	8.70	2.64641094	2.6407	2.2625	3.6642	2.2001	-0.886	1.609	0.670	-0.474	-1.073	-1.575	-2.320	-2.917	-2.993	3.29527020
	8.70	2.64716148	2.6414	2.3284	3.6596	2.1160	-1.051	1.547	0.558	-0.610	-1.222	-1.734	-2.498	-3.109	-3.189	3.29529119
	8.70	2.64787245	2.6420	2.3942	3.6549	2.0313	-1.215	1.490	0.448	-0.746	-1.370	-1.893	-2.676	-3.303	-3.385	3.29531121
	8.70	2.64858389	2.6426	2.4626	3.6499	1.9430	-1.386	1.436	0.336	-0.887	-1.524	-2.058	-2.861	-3.504	-3.589	3.29533124
	8.70	2.64923763	2.6430	2.5252	3.6452	1.8617	-1.543	1.401	0.242	-1.006	-1.658	-2.205	-3.029	-3.688	-3.777	3.29534936
	8.70	2.64977837	2.6434	2.5676	3.6418	1.8056	-1.649	1.385	0.183	-1.085	-1.748	-2.304	-3.143	-3.814	-3.905	3.29536462
	8.70	2.65021515	2.6437	2.5211	3.6458	1.8682	-1.533	1.397	0.245	-1.001	-1.651	-2.196	-3.017	-3.674	-3.763	3.29537678
	8.70	2.65087891	2.6442	2.4601	3.6505	1.9482	-1.380	1.429	0.335	-0.884	-1.520	-2.052	-2.854	-3.494	-3.579	3.29539537
	8.70	2.65181470	2.6449	2.3911	3.6555	2.0375	-1.208	1.484	0.449	-0.743	-1.365	-1.886	-2.667	-3.291	-3.373	3.29542160
	8.70	2.65281248	2.6458	2.3230	3.6605	2.1257	-1.037	1.542	0.562	-0.602	-1.211	-1.722	-2.482	-3.090	-3.169	3.29544950
	8.70	2.65376568	2.6466	2.2538	3.6655	2.2149	-0.864	1.604	0.678	-0.460	-1.055	-1.554	-2.295	-2.887	-2.963	3.29547620
	8.70	2.65459752	2.6474	2.1928	3.6696	2.2925	-0.712	1.665	0.783	-0.333	-0.917	-1.407	-2.131	-2.710	-2.783	3.29549932
	8.70	2.65552616	2.6482	2.1258	3.6742	2.3778	-0.545	1.733	0.899	-0.193	-0.765	-1.244	-1.951	-2.515	-2.585	3.29552507
	8.70	2.65653586	2.6492	2.0622	3.6788	2.4602	-0.385	1.795	1.009	-0.057	-0.617	-1.087	-1.777	-2.327	-2.394	3.29555321
	8.70	2.65792871	2.6505	1.9926	3.6841	2.5512	-0.212	1.862	1.129	0.092	-0.455	-0.915	-1.585	-2.120	-2.185	3.29559207
	8.70	2.65960431	2.6521	1.9331	3.6888	2.6297	-0.063	1.920	1.231	0.220	-0.316	-0.768	-1.420	-1.942	-2.004	3.29563856
	8.70	2.66259646	2.6550	1.8691	3.6942	2.7158	0.097	1.976	1.338	0.354	-0.168	-0.610	-1.242	-1.748	-1.808	3.29572153
	8.70	2.66874075	2.6610	1.8211	3.7008	2.7910	0.217	1.976	1.395	0.444	-0.062	-0.491	-1.100	-1.586	-1.644	3.29589081
	8.70	2.73436165	2.7249	1.9098	3.7015	2.7155	-0.005	1.750	1.169	0.219	-0.286	-0.714	-1.320	-1.803	-1.860	3.29763937
	8.70	2.77372265	2.7630	1.9647	3.7018	2.6677	-0.142	1.613	1.030	0.080	-0.424	-0.851	-1.457	-1.938	-1.995	3.29863667
	8.70	2.83026195	2.8173	2.0399	3.6988	2.5890	-0.330	1.483	0.871	-0.097	-0.608	-1.040	-1.656	-2.146	-2.204	3.30000639
	8.70	2.88394475	2.8684	2.1192	3.6928	2.4936	-0.528	1.401	0.732	-0.267	-0.793	-1.236	-1.874	-2.381	-2.442	3.30124259
	8.70	2.90248156	2.8859	2.1832	3.6835	2.3953	-0.688	1.420	0.664	-0.383	-0.932	-1.393	-2.065	-2.599	-2.665	3.30165577
	8.70	2.90447855	2.8877	2.2537	3.6766	2.2972	-0.864	1.384	0.559	-0.527	-1.093	-1.567	-2.264	-2.819	-2.888	3.30169988
	8.70	2.90480924	2.8880	2.2965	3.6728	2.2391	-0.971	1.358	0.493	-0.613	-1.188	-1.671	-2.383	-2.949	-3.021	3.30170727
	8.70	2.90486288	2.8881	2.3112	3.6715	2.2195	-1.008	1.347	0.470	-0.642	-1.221	-1.706	-2.423	-2.994	-3.066	3.30170846
	8.70	2.90499067	2.8882	2.3731	3.6668	2.1386	-1.163	1.297	0.370	-0.767	-1.359	-1.855	-2.591	-3.177	-3.253	3.30171132
	8.70	2.90510130	2.8883	2.4263	3.6626	2.0689	-1.296	1.255	0.284	-0.875	-1.478	-1.983	-2.735	-3.335	-3.413	3.30171371
	8.70	2.90527177	2.8884	2.4695	3.6592	2.0121	-1.404	1.223	0.215	-0.963	-1.575	-2.087	-2.853	-3.464	-3.544	3.30171752
	8.70	2.90622807	2.8892	2.4709	3.6589	2.0096	-1.407	1.226	0.215	-0.964	-1.577	-2.090	-2.857	-3.469	-3.549	3.30173850
	8.70	2.90956807	2.8918	2.5559	3.6518	1.8962	-1.620	1.180	0.085	-1.133	-1.765	-2.294	-3.090	-3.725	-3.810	3.30181193
	8.70	2.91070724	2.8925	2.6452	3.6447	1.7790	-1.843	1.135	-0.046	-1.304	-1.957	-2.505	-3.331	-3.990	-4.079	3.30183697
	8.70	2.91146708	2.8929	2.7137	3.6400	1.6916	-2.014	1.091	-0.153	-1.438	-2.106	-2.667	-3.513	-4.189	-4.282	3.30185366
	8.70	2.91221833	2.8932	2.7939	3.6337	1.5864	-2.215	1.059	-0.268	-1.589	-2.277	-2.855	-3.728	-4.426	-4.523	3.30187011
	8.70	2.91292691	2.8933	2.8847	3.6263	1.4661	-2.442	1.035	-0.394	-1.757	-2.469	-3.067	-3.972	-4.695	-4.799	3.30188560
	8.70	2.91345811	2.8932	2.9646	3.6200	1.3606	-2.642	1.033	-0.490	-1.893	-2.629	-3.252	-4.186	-4.931	-5.040	3.30189729
	8.70	2.91392326	2.8930	3.0431	3.6139	1.2577	-2.838	1.034	-0.583	-2.025	-2.785	-3.432	-4.395	-5.160	-5.276	3.30190730
	8.70	2.91435528	2.8925	3.1198	3.6076	1.1558	-3.029	1.046	-0.669	-2.151	-2.936	-3.607	-4.599	-5.386	-5.508	3.30191684
	8.70	2.91458654	2.8921	3.1663	3.6038	1.0942	-3.146	1.054	-0.721	-2.228	-3.028	-3.713	-4.723	-5.523	-5.649	3.30192184
	8.70	2.91479635	2.8916	3.2242	3.5987	1.0159	-3.290	1.068	-0.775	-2.313	-3.135	-3.843	-4.878	-5.695	-5.827	3.30192661
	8.70	2.91498399	2.8911	3.2825	3.5935	0.9366	-3.436	1.063	-0.814	-2.378	-3.226	-3.967	-5.036	-5.868	-6.006	3.30193067
	8.70	2.91515136	2.8904	3.3575	3.5869	0.8351	-3.624	1.055	-0.866	-2.462	-3.344	-4.127	-5.237	-6.091	-6.235	3.30193424
	8.70	2.91528106	2.8896	3.4197	3.5811	0.7494	-3.779	1.052	-0.903	-2.528	-3.439	-4.259	-5.405	-6.278	-6.428	3.30193710
	8.70	2.91541719	2.8885	3.4839	3.5751	0.6613	-3.940	1.046	-0.942	-2.596	-3.538	-4.394	-5.577	-6.470	-6.627	3.30193996
	8.70	2.91562343	2.8863	3.5596	3.5678	0.5560	-4.129	0.955	-0.880	-2.531	-3.545	-4.505	-5.793	-6.704	-6.866	3.30194449
	8.70	2.91572356	2.8850	3.6066	3.5631	0.4900	-4.246	0.887	-0.836	-2.482	-3.543	-4.572	-5.929	-6.850	-7.016	3.30194688
	8.70	2.91574240	2.8847	3.6217	3.5616	0.4689	-4.284	0.862	-0.823	-2.467	-3.543	-4.594	-5.972	-6.898	-7.064	3.30194712
	8.70	2.91575789	2.8844	3.6412	3.5596	0.4413	-4.333	0.830	-0.805	-2.444	-3.541	-4.621	-6.028	-6.959	-7.127	3.30194759
	8.70	2.91578746	2.8839	3.6838	3.5551	0.3807	-4.439	0.753	-0.762	-2.391	-3.532	-4.679	-6.151	-7.094	-7.264	3.30194807
	8.70	2.91579390	2.8838	3.6925	3.5542	0.3683	-4.461	0.736	-0.753	-2.380	-3.530	-4.691	-6.177	-7.122	-7.293	3.30194831
	8.70	2.91580796	2.8834	3.7019	3.5532	0.3548	-4.485	0.717	-0.744	-2.368	-3.528	-4.704	-6.204	-7.152	-7.323	3.30194855
	8.70	2.91582179	2.8831	3.7110	3.5522	0.3417	-4.508	0.698	-0.735	-2.356	-3.526	-4.716	-6.230	-7.181	-7.353	3.30194902
	8.70	2.91583538	2.8828	3.7202	3.5513	0.3286	-4.531	0.679	-0.726	-2.344	-3.523	-4.729	-6.257	-7.210	-7.383	3.30194926
	8.70	2.91584921	2.8824	3.7294	3.5503	0.3154	-4.554	0.659	-0.717	-2.332	-3.521	-4.741	-6.283	-7.239	-7.413	3.30194950
	8.70	2.91586304	2.8821	3.7386	3.5493	0.3023	-4.576	0.658	-0.697	-2.310	-3.511	-4.747	-6.309	-7.267	-7.442	3.30194974
	8.70	2.91587400	2.8818	3.7459	3.5485	0.2918	-4.595	0.663	-0.677	-2.288	-3.500	-4.750	-6.330	-7.290	-7.465	3.30194998
	8.70	2.91588783	2.8814	3.7552	3.5475	0.2785	-4.618	0.669	-0.652	-2.261	-3.486	-4.754	-6.356	-7.317	-7.494	3.30195045
	8.70	2.91590166	2.8810	3.7644	3.5465	0.2653	-4.641	0.675	-0.628	-2.234	-3.473	-4.758	-6.382	-7.345	-7.523	3.30195069
	8.70	2.91591549	2.8805	3.7736	3.5456	0.2521	-4.664	0.681	-0.603	-2.206	-3.459	-4.762	-6.408	-7.373	-7.552	3.30195093
	8.70	2.91592908	2.8801	3.7829	3.5446	0.2388	-4.687	0.687	-0.578	-2.179	-3.445	-4.766	-6.434	-7.401	-7.581	3.30195117
	8.70	2.91594291	2.8796	3.7923	3.5436	0.2253	-4.711	0.693	-0.554	-2.152	-3.432	-4.770	-6.460	-7.429	-7.611	3.30195165
	8.70	2.91595626	2.8792	3.8013	3.5426	0.2123	-4.733	0.698	-0.529	-2.125	-3.418	-4.773	-6.486	-7.457	-7.640	3.30195189
	8.70	2.91596985	2.8787	3.8105	3.5416	0.1992	-4.756	0.704	-0.505	-2.098	-3.405	-4.777	-6.511	-7.484	-7.668	3.30195212
	8.70	2.91598320	2.8782	3.8190	3.5407	0.1870	-4.777	0.710	-0.482	-2.073	-3.392	-4.780	-6.535	-7.510	-7.695	3.30195236
	8.70	2.91599655	2.8776	3.8264	3.5399	0.1762	-4.796	0.715	-0.461	-2.050	-3.380	-4.783	-6.556	-7.532	-7.719	3.30195284
	8.70	2.91600990	2.8771	3.8338	3.5391	0.1654	-4.815	0.720	-0.441	-2.027	-3.368	-4.786	-6.577	-7.555	-7.742	3.30195308
	8.70	2.91602325	2.8766	3.8413	3.5383	0.1547	-4.833	0.725	-0.420	-2.004	-3.356	-4.788	-6.598	-7.577	-7.766	3.30195332
	8.70	2.91603684	2.8760	3.8486	3.5375	0.1440	-4.851	0.730	-0.399	-1.981	-3.344	-4.791	-6.619	-7.599	-7.789	3.30195355
	8.70	2.91609859	2.8732	3.8715	3.5349	0.1107	-4.909	0.746	-0.335	-1.909	-3.308	-4.799	-6.683	-7.669	-7.862	3.30195498
	8.70	2.91615987	2.8703	3.8878	3.5332	0.0868	-4.949	0.757	-0.290	-1.860	-3.282	-4.805	-6.729	-7.718	-7.913	3.30195618
	8.70	2.91622090	2.8673	3.8966	3.5322	0.0738	-4.971	0.762	-0.266	-1.833	-3.269	-4.808	-6.754	-7.745	-7.941	3.30195761
	8.70	2.91628146	2.8641	3.9054	3.5313	0.0607	-4.994	0.767	-0.243	-1.807	-3.256	-4.812	-6.779	-7.771	-7.969	3.30195904
	8.70	2.91634154	2.8609	3.9142	3.5303	0.0476	-5.015	0.772	-0.219	-1.781	-3.243	-4.815	-6.804	-7.798	-7.997	3.30196023
	8.70	2.91640115	2.8576	3.9230	3.5294	0.0346	-5.037	0.777	-0.196	-1.755	-3.229	-4.818	-6.828	-7.824	-8.025	3.30196166
	8.70	2.91646051	2.8541	3.9317	3.5284	0.0215	-5.059	0.782	-0.172	-1.728	-3.216	-4.822	-6.853	-7.851	-8.052	3.30196285
	8.70	2.91651917	2.8506	3.9405	3.5275	0.0085	-5.081	0.787	-0.149	-1.702	-3.203	-4.825	-6.878	-7.877	-8.080	3.30196404
	8.70	2.91657734	2.8470	3.9492	3.5266	-0.0045	-5.103	0.792	-0.126	-1.676	-3.190	-4.829	-6.902	-7.903	-8.107	3.30196548
	8.70	2.91663551	2.8433	3.9579	3.5256	-0.0176	-5.125	0.797	-0.102	-1.650	-3.176	-4.832	-6.927	-7.930	-8.135	3.30196667
	8.70	2.91669297	2.8394	3.9666	3.5247	-0.0306	-5.146	0.805	-0.076	-1.622	-3.162	-4.834	-6.951	-7.956	-8.162	3.30196786
	8.70	2.91674995	2.8355	3.9753	3.5238	-0.0437	-5.168	0.818	-0.045	-1.591	-3.144	-4.831	-6.975	-7.981	-8.188	3.30196929
	8.70	2.91680670	2.8314	3.9841	3.5228	-0.0568	-5.190	0.832	-0.014	-1.560	-3.127	-4.829	-6.999	-8.006	-8.214	3.30197048
	8.70	2.91686273	2.8272	3.9928	3.5219	-0.0699	-5.212	0.845	0.017	-1.528	-3.109	-4.826	-7.023	-8.032	-8.240	3.30197167
	8.70	2.91691828	2.8229	4.0015	3.5209	-0.0830	-5.234	0.859	0.048	-1.497	-3.092	-4.824	-7.047	-8.057	-8.267	3.30197287
	8.70	2.91697359	2.8185	4.0102	3.5200	-0.0961	-5.255	0.872	0.079	-1.466	-3.075	-4.821	-7.071	-8.082	-8.293	3.30197406
	8.70	2.91702867	2.8139	4.0188	3.5191	-0.1092	-5.277	0.885	0.110	-1.435	-3.057	-4.819	-7.095	-8.107	-8.319	3.30197525
	8.70	2.91708302	2.8092	4.0275	3.5181	-0.1223	-5.299	0.899	0.141	-1.404	-3.040	-4.816	-7.119	-8.132	-8.344	3.30197644
	8.70	2.91713691	2.8044	4.0360	3.5172	-0.1354	-5.320	0.912	0.171	-1.373	-3.023	-4.814	-7.142	-8.157	-8.370	3.30197763
	8.70	2.91719055	2.7994	4.0446	3.5163	-0.1484	-5.342	0.925	0.202	-1.342	-3.005	-4.811	-7.166	-8.182	-8.396	3.30197883
	8.70	2.91724348	2.7943	4.0532	3.5154	-0.1614	-5.363	0.939	0.233	-1.311	-2.988	-4.809	-7.190	-8.207	-8.422	3.30198002
	8.70	2.91729617	2.7891	4.0617	3.5144	-0.1744	-5.384	0.952	0.263	-1.280	-2.971	-4.806	-7.213	-8.231	-8.447	3.30198097
	8.70	2.91734838	2.7837	4.0701	3.5135	-0.1874	-5.405	0.965	0.294	-1.250	-2.954	-4.804	-7.236	-8.256	-8.472	3.30198216
	8.70	2.91740012	2.7781	4.0786	3.5126	-0.2004	-5.426	0.978	0.324	-1.219	-2.937	-4.801	-7.260	-8.280	-8.498	3.30198336
	8.70	2.91745138	2.7724	4.0870	3.5117	-0.2133	-5.447	0.991	0.354	-1.189	-2.920	-4.799	-7.283	-8.305	-8.523	3.30198455
	8.70	2.91750216	2.7665	4.0953	3.5108	-0.2262	-5.468	1.004	0.384	-1.158	-2.903	-4.796	-7.306	-8.329	-8.548	3.30198550
	8.70	2.91755271	2.7605	4.1037	3.5099	-0.2391	-5.489	1.018	0.415	-1.128	-2.886	-4.794	-7.329	-8.353	-8.573	3.30198669
	8.70	2.91760278	2.7543	4.1120	3.5090	-0.2520	-5.510	1.031	0.444	-1.098	-2.869	-4.791	-7.352	-8.377	-8.598	3.30198789
	8.70	2.91765237	2.7479	4.1202	3.5081	-0.2648	-5.531	1.044	0.474	-1.068	-2.852	-4.789	-7.374	-8.401	-8.623	3.30198884
	8.70	2.91770148	2.7414	4.1284	3.5072	-0.2776	-5.551	1.057	0.504	-1.038	-2.835	-4.786	-7.397	-8.425	-8.648	3.30199003
	8.70	2.91775012	2.7347	4.1366	3.5063	-0.2904	-5.571	1.069	0.534	-1.008	-2.819	-4.784	-7.420	-8.449	-8.672	3.30199099
	8.70	2.91779828	2.7278	4.1447	3.5054	-0.3031	-5.592	1.082	0.563	-0.978	-2.802	-4.781	-7.442	-8.472	-8.696	3.30199194
	8.70	2.91784596	2.7207	4.1527	3.5046	-0.3158	-5.612	1.095	0.592	-0.949	-2.785	-4.779	-7.464	-8.496	-8.721	3.30199313
	8.70	2.91788411	2.7149	4.1591	3.5039	-0.3259	-5.628	1.105	0.616	-0.925	-2.772	-4.777	-7.482	-8.514	-8.740	3.30199385
	8.70	2.91792178	2.7090	4.1654	3.5032	-0.3359	-5.644	1.115	0.639	-0.902	-2.759	-4.775	-7.499	-8.533	-8.759	3.30199480
	8.70	2.91795921	2.7029	4.1718	3.5025	-0.3460	-5.659	1.125	0.662	-0.879	-2.746	-4.773	-7.517	-8.551	-8.778	3.30199552
	8.70	2.91800594	2.6951	4.1796	3.5016	-0.3585	-5.679	1.138	0.691	-0.850	-2.730	-4.770	-7.538	-8.574	-8.801	3.30199647
	8.70	2.91805243	2.6869	4.1874	3.5008	-0.3711	-5.699	1.151	0.719	-0.821	-2.714	-4.767	-7.560	-8.597	-8.825	3.30199766
	8.70	2.91809869	2.6772	4.1952	3.4999	-0.3838	-5.718	1.162	0.747	-0.794	-2.699	-4.765	-7.581	-8.619	-8.848	3.30199862
	8.70	2.91814494	2.6651	4.2029	3.4991	-0.3969	-5.737	1.164	0.764	-0.779	-2.698	-4.769	-7.602	-8.640	-8.870	3.30199957
	8.70	2.91819072	2.6435	4.2104	3.4982	-0.4115	-5.756	1.167	0.781	-0.764	-2.696	-4.773	-7.623	-8.660	-8.891	3.30200052
	8.70	2.91823506	2.6168	4.2177	3.4973	-0.4266	-5.774	1.170	0.799	-0.748	-2.694	-4.775	-7.643	-8.680	-8.911	3.30200148
	8.70	2.91827416	2.5650	4.2238	3.4965	-0.4445	-5.789	1.175	0.818	-0.732	-2.690	-4.776	-7.659	-8.697	-8.929	3.30200243
	8.70	2.91831636	2.4590	4.2299	3.4956	-0.4728	-5.805	1.184	0.844	-0.709	-2.683	-4.774	-7.677	-8.714	-8.947	3.30200338
	8.70	2.91833830	2.2907	4.2319	3.4948	-0.5087	-5.810	1.197	0.870	-0.684	-2.670	-4.766	-7.683	-8.720	-8.954	3.30200386
	8.70	2.91834760	2.0100	4.2312	3.4939	-0.5683	-5.808	1.222	0.910	-0.647	-2.647	-4.748	-7.683	-8.720	-8.955	3.30200410
	8.70	2.91835165	1.7727	4.2295	3.4932	-0.6242	-5.804	1.245	0.946	-0.613	-2.625	-4.730	-7.680	-8.717	-8.952	3.30200410
	8.70	2.91835356	1.6462	4.2282	3.4928	-0.6567	-5.801	1.258	0.967	-0.593	-2.612	-4.719	-7.678	-8.715	-8.950	3.30200410
	8.70	2.91835499	1.5435	4.2271	3.4924	-0.6850	-5.798	1.270	0.985	-0.576	-2.601	-4.710	-7.676	-8.712	-8.948	3.30200410
	8.70	2.91835642	1.4448	4.2259	3.4920	-0.7140	-5.795	1.282	1.004	-0.559	-2.589	-4.700	-7.674	-8.710	-8.946	3.30200410
	8.70	2.91835785	1.3472	4.2247	3.4916	-0.7447	-5.792	1.295	1.024	-0.540	-2.576	-4.690	-7.671	-8.708	-8.944	3.30200434
	8.70	2.91835952	1.2457	4.2232	3.4912	-0.7791	-5.788	1.310	1.046	-0.519	-2.563	-4.679	-7.669	-8.705	-8.942	3.30200434
	8.70	2.91836095	1.1457	4.2217	3.4907	-0.8157	-5.784	1.325	1.069	-0.497	-2.548	-4.667	-7.666	-8.702	-8.939	3.30200434
	8.70	2.91836238	1.0406	4.2199	3.4902	-0.8578	-5.780	1.343	1.096	-0.472	-2.531	-4.653	-7.662	-8.698	-8.936	3.30200434
	8.70	2.91836405	0.9364	4.2180	3.4896	-0.9040	-5.775	1.362	1.125	-0.444	-2.512	-4.638	-7.659	-8.695	-8.933	3.30200434
	8.70	2.91836548	0.8410	4.2160	3.4890	-0.9510	-5.770	1.382	1.155	-0.416	-2.493	-4.622	-7.655	-8.691	-8.930	3.30200434
	8.70	2.91836667	0.7719	4.1531	4.0000	1.1184	-5.613	-5.672	-5.399	-5.345	-5.353	-5.351	-5.293	-5.290	-5.270	3.30200434
	8.70	2.91836667	0.7719	4.1531	4.0257	1.2213	-5.613	-5.659	-5.287	-5.223	-5.226	-5.214	-5.126	-5.115	-5.091	3.30200434
	8.70	2.91836667	0.7719	4.1529	4.2275	2.0287	-5.612	-5.124	-4.306	-4.139	-4.078	-3.985	-3.736	-3.669	-3.608	3.30200434
	8.70	2.91836667	0.7719	4.1527	4.2557	2.1416	-5.612	-5.042	-4.160	-3.985	-3.920	-3.817	-3.550	-3.475	-3.408	3.30200434
	8.70	2.91836667	0.7719	4.1526	4.2656	2.1815	-5.612	-5.013	-4.109	-3.932	-3.865	-3.760	-3.485	-3.408	-3.339	3.30200434
	8.70	2.91836667	0.7719	4.1525	4.2699	2.1988	-5.611	-5.001	-4.087	-3.909	-3.841	-3.735	-3.457	-3.379	-3.309	3.30200434
	8.70	2.91836691	0.7719	4.1520	4.4717	3.0065	-5.610	-4.182	-3.073	-2.806	-2.684	-2.518	-2.137	-2.015	-1.911	3.30200434
	8.70	2.91836715	0.7719	4.1472	4.7729	4.2159	-5.598	-2.479	-1.255	-0.943	-0.809	-0.626	-0.208	-0.080	0.028	3.30200434
	8.70	2.91836786	0.7719	4.1340	5.0208	5.2207	-5.565	-0.763	0.493	0.837	0.990	1.191	1.636	1.776	1.893	3.30200434
	8.70	2.91836810	0.7719	4.1004	5.1868	5.9184	-5.481	0.495	1.764	2.120	2.280	2.490	2.945	3.090	3.211	3.30200434
	8.70	2.91836834	0.7719	4.0819	5.2405	6.1518	-5.435	0.926	2.199	2.558	2.720	2.932	3.389	3.535	3.658	3.30200458
	8.70	2.91836834	0.7719	4.0396	5.2923	6.4010	-5.329	1.405	2.681	3.042	3.205	3.419	3.879	4.025	4.149	3.30200458
	8.70	2.91836858	0.7719	3.9409	5.3586	6.7650	-5.082	2.133	3.412	3.776	3.940	4.155	4.619	4.767	4.891	3.30200458
	8.70	2.91836882	0.7719	3.8529	5.3993	7.0159	-4.862	2.650	3.930	4.296	4.461	4.677	5.142	5.290	5.415	3.30200458
	8.70	2.91836905	0.7719	3.5857	5.3769	7.1937	-4.194	3.155	4.434	4.799	4.964	5.179	5.643	5.791	5.915	3.30200458
	8.70	2.91836929	0.7719	3.2503	5.3504	7.4227	-3.356	3.800	5.078	5.442	5.606	5.821	6.284	6.432	6.556	3.30200458
	8.70	2.91836977	0.7719	3.1665	5.3358	7.4483	-3.146	3.904	5.181	5.544	5.708	5.923	6.385	6.533	6.657	3.30200458
	8.70	2.91837072	0.7719	2.9169	5.3017	7.5616	-2.522	4.280	5.556	5.918	6.082	6.296	6.756	6.903	7.027	3.30200458
	8.70	2.91837287	0.7719	2.8397	5.2869	7.5795	-2.329	4.367	5.642	6.003	6.166	6.379	6.839	6.985	7.109	3.30200458
	8.70	2.91837573	0.7719	2.6883	5.2601	7.6235	-1.951	4.551	5.824	6.185	6.347	6.559	7.018	7.164	7.287	3.30200458
	8.70	2.91838050	0.7719	2.5431	5.2322	7.6571	-1.588	4.713	5.985	6.344	6.505	6.717	7.174	7.320	7.442	3.30200481
	8.70	2.91839027	0.7719	2.4445	5.2132	7.6800	-1.341	4.824	6.095	6.453	6.613	6.824	7.281	7.426	7.548	3.30200505
	8.70	2.91840482	0.7719	2.3447	5.1939	7.7024	-1.092	4.935	6.204	6.561	6.721	6.931	7.387	7.532	7.653	3.30200529
	8.70	2.91842580	0.7719	2.2601	5.1772	7.7202	-0.880	5.026	6.295	6.651	6.811	7.020	7.475	7.619	7.740	3.30200577
	8.70	2.91845131	0.7719	2.1769	5.1606	7.7370	-0.672	5.116	6.384	6.738	6.897	7.106	7.560	7.703	7.824	3.30200624
	8.70	2.91848469	0.7719	2.0830	5.1421	7.7568	-0.437	5.219	6.485	6.839	6.997	7.204	7.658	7.801	7.921	3.30200696
	8.70	2.91854024	0.7719	2.0001	5.1251	7.7718	-0.230	5.305	6.570	6.923	7.080	7.287	7.739	7.882	8.002	3.30200815
	8.70	2.91861057	0.7719	1.9105	5.1067	7.7878	-0.006	5.399	6.663	7.014	7.170	7.377	7.827	7.970	8.089	3.30200982
	8.70	2.91869569	0.7719	1.8185	5.0879	7.8046	0.224	5.496	6.758	7.108	7.264	7.469	7.918	8.061	8.180	3.30201149
	8.70	2.91879201	0.7719	1.7474	5.0732	7.8168	0.401	5.570	6.831	7.179	7.335	7.539	7.988	8.130	8.249	3.30201364
	8.70	2.91893482	0.7720	1.6620	5.0555	7.8316	0.615	5.660	6.919	7.266	7.420	7.624	8.071	8.212	8.331	3.30201674
	8.70	2.91912174	0.7720	1.5638	5.0354	7.8492	0.860	5.764	7.022	7.367	7.520	7.723	8.169	8.309	8.427	3.30202079
	8.70	2.91956401	0.7720	1.4693	5.0147	7.8610	1.097	5.855	7.112	7.454	7.607	7.809	8.253	8.392	8.509	3.30203056
	8.70	2.92028642	0.7721	1.3662	4.9926	7.8760	1.354	5.959	7.214	7.554	7.705	7.906	8.348	8.487	8.604	3.30204630
	8.70	2.92132902	0.7723	1.2761	4.9739	7.8911	1.580	6.055	7.307	7.646	7.796	7.994	8.435	8.573	8.689	3.30206895
	8.70	2.92299747	0.7725	1.1718	4.9525	7.9099	1.840	6.167	7.417	7.754	7.903	8.100	8.539	8.677	8.792	3.30210519
	8.70	2.92547727	0.7728	1.0583	4.9293	7.9311	2.124	6.293	7.539	7.874	8.021	8.217	8.654	8.789	8.904	3.30215883
	8.70	2.92982936	0.7734	0.9216	4.9013	7.9558	2.466	6.442	7.686	8.017	8.162	8.356	8.790	8.924	9.038	3.30225301
	8.70	2.93472028	0.7740	0.8328	4.8829	7.9715	2.688	6.540	7.781	8.109	8.253	8.446	8.878	9.012	9.124	3.30235815
	8.70	2.93787456	0.7744	0.7757	4.8712	7.9821	2.831	6.604	7.843	8.170	8.313	8.505	8.935	9.069	9.181	3.30242586
	8.70	2.94164658	0.7749	0.7239	4.8623	7.9985	2.960	6.673	7.911	8.237	8.379	8.570	9.000	9.133	9.245	3.30250645
	8.70	2.94609046	0.7755	0.6698	4.8518	8.0110	3.095	6.738	7.974	8.298	8.440	8.630	9.059	9.191	9.303	3.30260110
	8.70	2.95125151	0.7762	0.6153	4.8404	8.0202	3.232	6.798	8.032	8.355	8.496	8.685	9.112	9.243	9.355	3.30271053
	8.70	2.95717049	0.7769	0.5628	4.8294	8.0290	3.363	6.855	8.088	8.409	8.550	8.737	9.163	9.294	9.404	3.30283546
	8.70	2.96390343	0.7778	0.5114	4.8185	8.0375	3.491	6.911	8.142	8.462	8.602	8.788	9.212	9.343	9.453	3.30297685
	8.70	2.97153354	0.7788	0.4591	4.8075	8.0462	3.622	6.969	8.198	8.516	8.654	8.840	9.263	9.392	9.502	3.30313611
	8.70	2.98015809	0.7799	0.4076	4.7966	8.0547	3.751	7.025	8.253	8.569	8.706	8.891	9.312	9.441	9.551	3.30331469
	8.70	2.98989177	0.7812	0.3567	4.7858	8.0631	3.878	7.082	8.308	8.622	8.758	8.942	9.361	9.490	9.599	3.30351472
	8.70	3.00030994	0.7825	0.3172	4.7775	8.0703	3.977	7.126	8.351	8.663	8.798	8.982	9.400	9.528	9.636	3.30372691
	8.70	3.00224423	0.7829	0.3781	4.7907	8.0623	3.825	7.061	8.287	8.602	8.738	8.923	9.343	9.472	9.581	3.30376601
	8.70	3.00415945	0.7832	0.4383	4.8038	8.0547	3.674	6.996	8.225	8.543	8.680	8.865	9.288	9.417	9.527	3.30380487
	8.70	3.00607347	0.7836	0.5029	4.8177	8.0461	3.513	6.927	8.158	8.478	8.617	8.804	9.228	9.358	9.468	3.30384350
	8.70	3.00800538	0.7839	0.5673	4.8316	8.0373	3.352	6.859	8.092	8.414	8.554	8.742	9.168	9.299	9.410	3.30388236
	8.70	3.00996971	0.7843	0.6328	4.8457	8.0283	3.188	6.789	8.024	8.348	8.489	8.679	9.106	9.238	9.350	3.30392194
	8.70	3.01197195	0.7847	0.7042	4.8609	8.0179	3.010	6.713	7.950	8.276	8.418	8.609	9.039	9.171	9.283	3.30396223
	8.70	3.01400971	0.7850	0.7771	4.8736	7.9962	2.827	6.617	7.856	8.183	8.326	8.518	8.949	9.083	9.195	3.30400300
	8.70	3.01789093	0.7857	0.9177	4.9031	7.9738	2.476	6.465	7.708	8.039	8.185	8.379	8.813	8.947	9.061	3.30408072
	8.70	3.02293420	0.7866	1.0548	4.9318	7.9520	2.133	6.318	7.565	7.900	8.047	8.243	8.681	8.816	8.931	3.30418110
	8.70	3.02712250	0.7874	1.1670	4.9548	7.9325	1.853	6.196	7.446	7.783	7.932	8.130	8.569	8.706	8.821	3.30426431
	8.70	3.03100562	0.7881	1.2686	4.9762	7.9169	1.599	6.090	7.342	7.681	7.831	8.030	8.471	8.610	8.726	3.30434108
	8.70	3.03325605	0.7885	1.3433	4.9923	7.9067	1.412	6.014	7.269	7.609	7.760	7.961	8.403	8.542	8.658	3.30438542
	8.70	3.03488421	0.7888	1.4128	5.0077	7.8989	1.238	5.948	7.203	7.545	7.698	7.899	8.343	8.482	8.599	3.30441761
	8.70	3.03616095	0.7890	1.4801	5.0227	7.8918	1.070	5.885	7.141	7.485	7.638	7.840	8.285	8.425	8.542	3.30444264
	8.70	3.04353476	0.7904	1.5492	5.0374	7.8820	0.897	5.814	7.072	7.417	7.571	7.774	8.220	8.360	8.478	3.30458713
	8.70	3.05403590	0.7923	1.6021	5.0490	7.8769	0.765	5.764	7.023	7.369	7.523	7.727	8.174	8.314	8.433	3.30479145
	8.70	3.06778622	0.7947	1.6358	5.0569	7.8762	0.680	5.735	6.995	7.341	7.496	7.700	8.148	8.288	8.407	3.30505610
	8.70	3.08426142	0.7977	1.6668	5.0641	7.8755	0.603	5.708	6.968	7.316	7.471	7.675	8.123	8.264	8.383	3.30536914
	8.70	3.11229515	0.8028	1.6678	5.0659	7.8844	0.601	5.718	6.979	7.326	7.481	7.685	8.134	8.275	8.394	3.30589199
	8.70	3.15724707	0.8108	1.6228	5.0588	7.9055	0.713	5.781	7.041	7.388	7.542	7.746	8.194	8.335	8.454	3.30670500
	8.70	3.42101002	0.8574	0.9540	4.9334	8.0968	2.385	6.582	7.829	8.164	8.311	8.507	8.945	9.080	9.195	3.31090856
	8.70	3.50000000	0.8711	0.7441	4.8938	8.1552	2.910	6.836	8.078	8.408	8.553	8.746	9.179	9.313	9.427	3.31200266
	8.70	3.59751892	0.8905	0.6076	4.8722	8.2146	3.251	7.031	8.269	8.597	8.740	8.932	9.362	9.496	9.608	3.31326437
	8.70	3.85182571	0.9404	0.2673	4.8177	8.3609	4.102	7.517	8.747	9.067	9.206	9.393	9.817	9.947	10.057	3.31615472
	8.70	4.02724028	0.9749	-0.0217	4.7656	8.4571	4.824	7.896	9.118	9.429	9.562	9.744	10.161	10.288	10.396	3.31786489
	8.70	4.06993055	0.9838	-0.1777	4.7320	8.4825	5.214	8.131	9.338	9.653	9.791	9.975	10.391	10.520	10.631	3.31825042
	8.70	4.11375427	0.9929	-0.3276	4.6999	8.5082	5.589	8.415	9.603	9.927	10.078	10.268	10.685	10.822	10.940	3.31863451
	8.70	4.15871334	1.0022	-0.4823	4.6670	8.5352	5.976	8.579	9.757	10.077	10.227	10.414	10.828	10.963	11.080	3.31901670
	8.70	4.20525074	1.0119	-0.6430	4.6329	8.5637	6.377	8.749	9.917	10.230	10.378	10.562	10.973	11.107	11.222	3.31940031
	8.70	4.25356483	1.0219	-0.8040	4.5988	8.5926	6.780	8.927	10.084	10.389	10.535	10.718	11.129	11.261	11.375	3.31978607
	8.70	4.30480099	1.0324	-0.9761	4.5625	8.6241	7.210	9.155	10.295	10.589	10.733	10.918	11.327	11.459	11.571	3.32018185
	8.70	4.35552979	1.0429	-1.1472	4.5257	8.6521	7.638	9.422	10.535	10.816	10.957	11.140	11.542	11.671	11.781	3.32056069
	8.70	4.40727234	1.0536	-1.3280	4.4832	8.6676	8.090	9.733	10.798	11.060	11.193	11.368	11.751	11.874	11.978	3.32093453
	8.70	4.46001625	1.0644	-1.5121	4.4415	8.6891	8.550	10.047	11.061	11.303	11.427	11.590	11.951	12.066	12.163	3.32130313
	8.70	4.50599194	1.0739	-1.6478	4.4132	8.7155	8.889	10.280	11.256	11.487	11.605	11.760	12.106	12.216	12.307	3.32161450
	8.70	4.53211641	1.0795	-1.6467	4.4160	8.7281	8.887	10.289	11.268	11.501	11.619	11.775	12.122	12.233	12.325	3.32178760
	8.70	4.56019306	1.0855	-1.6568	4.4166	8.7430	8.912	10.316	11.297	11.529	11.647	11.804	12.151	12.262	12.354	3.32197022
	8.70	4.58847904	1.0916	-1.6667	4.4172	8.7577	8.937	10.343	11.324	11.557	11.676	11.832	12.180	12.291	12.383	3.32215118
	8.70	4.61640978	1.0976	-1.6763	4.4179	8.7721	8.961	10.369	11.352	11.585	11.703	11.860	12.208	12.319	12.411	3.32232690
	8.70	4.64339638	1.1034	-1.6858	4.4183	8.7858	8.984	10.395	11.378	11.611	11.730	11.886	12.235	12.346	12.438	3.32249379
	8.70	4.66908550	1.1089	-1.6932	4.4191	8.7986	9.003	10.416	11.401	11.634	11.753	11.910	12.259	12.370	12.462	3.32265019
	8.70	4.69375515	1.1142	-1.6947	4.4212	8.8106	9.007	10.428	11.415	11.650	11.769	11.926	12.276	12.388	12.481	3.32279801
	8.70	4.71789742	1.1193	-1.6895	4.4248	8.8217	8.994	10.429	11.421	11.657	11.776	11.935	12.287	12.399	12.493	3.32294059
	8.70	4.74079514	1.1242	-1.6791	4.4296	8.8322	8.968	10.420	11.418	11.656	11.777	11.937	12.291	12.405	12.499	3.32307386
	8.70	4.76362038	1.1291	-1.6677	4.4337	8.8391	8.939	10.407	11.411	11.650	11.772	11.933	12.289	12.403	12.499	3.32320499
	8.70	4.78562164	1.1338	-1.6574	4.4353	8.8371	8.913	10.387	11.393	11.633	11.755	11.917	12.274	12.388	12.484	3.32332969
	8.70	4.80625391	1.1382	-1.6474	4.4371	8.8359	8.888	10.369	11.377	11.618	11.740	11.902	12.261	12.375	12.471	3.32344532
	8.70	4.82591772	1.1424	-1.6278	4.4415	8.8355	8.840	10.336	11.350	11.593	11.716	11.880	12.240	12.355	12.452	3.32355404
	8.70	4.84530735	1.1466	-1.6039	4.4477	8.8380	8.780	10.300	11.321	11.567	11.692	11.857	12.221	12.337	12.435	3.32366014
	8.70	4.86297464	1.1503	-1.5670	4.4578	8.8431	8.688	10.243	11.278	11.528	11.655	11.823	12.192	12.310	12.410	3.32375574
	8.70	4.87927151	1.1538	-1.4902	4.4770	8.8445	8.496	10.118	11.176	11.435	11.567	11.740	12.120	12.242	12.345	3.32384300
	8.70	4.91436577	1.1613	-1.5114	4.4748	8.8594	8.549	10.163	11.219	11.477	11.608	11.780	12.159	12.281	12.383	3.32402825
	8.70	4.95055389	1.1690	-1.5433	4.4700	8.8750	8.628	10.226	11.276	11.532	11.662	11.833	12.209	12.330	12.431	3.32421541
	8.70	4.98789454	1.1770	-1.5847	4.4629	8.8913	8.732	10.305	11.346	11.599	11.727	11.896	12.269	12.388	12.488	3.32440448
