# File generated by CMD 3.1 (http://stev.oapd.inaf.it/cmd) on Sat Apr  9 05:43:44 CEST 2022
# Basic reference: Girardi et al. (2002, A&A 391, 195)
#  uses the "basic set" of tracks described in Table 1 of Girardi et al. (2002, A&A 391, 195)
# Photometric system: <i>UBVRIJHK</i> (cf. Maiz-Apellaniz 2006 + Bessell 1990)
# Using OBC version of bolometric corrections as detailed in Marigo et al. (2008, A&A 482, 883) and Girardi et al. (2008, PASP 120, 583)
# BCs of Carbon stars derive from Aringer et al. (2009, A&A 503, 913)
# O-rich circumstellar dust ignored
# C-rich circumstellar dust ignored
# IMF: Chabrier (2001) lognormal 
# Kind of output: isochrone tables
#	Isochrone	Z = 0.01520		Age = 	2.000e+09 yr
# log(age/yr)	M_ini   	M_act	logL/Lo	logTe	logG	mbol    U       B       V       R       I       J       H       K	int_IMF
	9.30	0.15000001	0.1500	-2.4941	3.5242	5.1508	11.005	15.930	14.424	12.841	11.734	10.422	9.201	8.647	8.399	1.96093953
	9.30	0.20000000	0.2000	-2.2176	3.5456	5.0852	10.314	14.770	13.381	11.875	10.845	9.686	8.564	7.996	7.759	2.22178221
	9.30	0.25000000	0.2500	-2.0292	3.5571	5.0396	9.843	14.026	12.723	11.274	10.278	9.193	8.114	7.539	7.318	2.40809011
	9.30	0.30000001	0.3000	-1.8797	3.5663	5.0060	9.469	13.422	12.199	10.801	9.830	8.802	7.754	7.174	6.970	2.54750419
	9.30	0.34999999	0.3500	-1.7518	3.5747	4.9787	9.150	12.903	11.751	10.399	9.448	8.466	7.444	6.862	6.674	2.65552020
	9.30	0.40000001	0.4000	-1.6096	3.5823	4.9250	8.794	12.414	11.297	9.972	9.043	8.110	7.110	6.511	6.338	2.74133730
	9.30	0.44999999	0.4500	-1.4863	3.5914	4.8890	8.486	11.937	10.853	9.558	8.659	7.801	6.835	6.210	6.055	2.81098008
	9.30	0.50000000	0.5000	-1.3630	3.6018	4.8532	8.178	11.443	10.390	9.125	8.263	7.493	6.567	5.911	5.777	2.86847806
	9.30	0.55000001	0.5500	-1.2304	3.6135	4.8086	7.846	10.980	9.937	8.701	7.876	7.168	6.274	5.600	5.480	2.91663504
	9.30	0.60000002	0.6000	-1.1028	3.6261	4.7694	7.527	10.509	9.482	8.279	7.495	6.854	5.995	5.308	5.201	2.95739889
	9.30	0.69999999	0.7000	-0.8304	3.6561	4.6839	6.846	9.340	8.455	7.371	6.694	6.160	5.396	4.760	4.678	3.02253795
	9.30	0.80051857	0.8004	-0.5467	3.6963	4.6191	6.137	7.932	7.341	6.412	5.871	5.431	4.809	4.296	4.237	3.07209516
	9.30	0.87420297	0.8741	-0.3582	3.7237	4.5786	5.665	7.024	6.649	5.826	5.360	4.971	4.438	4.003	3.956	3.10121846
	9.30	0.92075139	0.9206	-0.2429	3.7380	4.5430	5.377	6.532	6.261	5.498	5.065	4.698	4.208	3.810	3.768	3.11715841
	9.30	0.99309707	0.9929	-0.0732	3.7584	4.4879	4.953	5.841	5.702	5.026	4.637	4.303	3.872	3.523	3.487	3.13889813
	9.30	1.04419065	1.0439	0.0395	3.7717	4.4498	4.671	5.406	5.339	4.720	4.359	4.045	3.649	3.330	3.299	3.15236688
	9.30	1.08325565	1.0830	0.1216	3.7811	4.4215	4.466	5.111	5.082	4.502	4.159	3.860	3.489	3.190	3.162	3.16174245
	9.30	1.11474967	1.1144	0.1847	3.7882	4.3993	4.308	4.893	4.887	4.336	4.006	3.719	3.366	3.082	3.056	3.16878581
	9.30	1.12260902	1.1223	0.1999	3.7899	4.3940	4.270	4.841	4.840	4.296	3.969	3.684	3.336	3.056	3.030	3.17047715
	9.30	1.14092159	1.1405	0.2436	3.7947	4.3763	4.161	4.692	4.706	4.181	3.864	3.586	3.250	2.980	2.956	3.17431998
	9.30	1.15601265	1.1556	0.2795	3.7985	4.3612	4.071	4.570	4.596	4.087	3.777	3.505	3.178	2.916	2.893	3.17738819
	9.30	1.16875970	1.1683	0.3099	3.8016	4.3481	3.995	4.473	4.505	4.008	3.704	3.437	3.118	2.862	2.840	3.17991328
	9.30	1.17971063	1.1792	0.3362	3.8042	4.3363	3.930	4.393	4.427	3.940	3.641	3.379	3.066	2.815	2.794	3.18203568
	9.30	1.18921745	1.1887	0.3590	3.8064	4.3257	3.873	4.324	4.360	3.881	3.586	3.327	3.020	2.774	2.753	3.18384385
	9.30	1.19756031	1.1970	0.3792	3.8083	4.3160	3.822	4.263	4.301	3.829	3.538	3.282	2.979	2.737	2.716	3.18540502
	9.30	1.20501828	1.2044	0.3972	3.8099	4.3072	3.777	4.209	4.249	3.782	3.494	3.241	2.942	2.703	2.683	3.18678093
	9.30	1.20674407	1.2061	0.4013	3.8103	4.3051	3.767	4.197	4.237	3.772	3.485	3.232	2.934	2.696	2.675	3.18709683
	9.30	1.30763912	1.3066	0.5948	3.8237	4.2001	3.283	3.643	3.688	3.275	3.014	2.784	2.518	2.309	2.291	3.20398355
	9.30	1.32579696	1.3246	0.6271	3.8245	4.1771	3.202	3.559	3.602	3.192	2.934	2.706	2.442	2.234	2.216	3.20671773
	9.30	1.35538471	1.3541	0.6760	3.8265	4.1458	3.080	3.431	3.471	3.068	2.814	2.590	2.330	2.127	2.109	3.21099544
	9.30	1.40998960	1.4084	0.7632	3.8274	4.0792	2.862	3.213	3.245	2.848	2.596	2.374	2.117	1.916	1.898	3.21835732
	9.30	1.42579699	1.4241	0.7877	3.8269	4.0576	2.801	3.155	3.185	2.786	2.534	2.311	2.053	1.852	1.834	3.22036934
	9.30	1.45481169	1.4529	0.8318	3.8250	4.0145	2.690	3.053	3.079	2.676	2.420	2.195	1.932	1.728	1.709	3.22393370
	9.30	1.48841035	1.4863	0.8811	3.8206	3.9575	2.567	2.957	2.973	2.555	2.292	2.060	1.786	1.574	1.554	3.22786427
	9.30	1.51751947	1.5151	0.9217	3.8148	3.9020	2.466	2.890	2.894	2.457	2.183	1.943	1.655	1.432	1.410	3.23111057
	9.30	1.54281163	1.5401	0.9552	3.8082	3.8493	2.382	2.844	2.838	2.378	2.093	1.841	1.538	1.302	1.278	3.23381853
	9.30	1.56489348	1.5620	0.9832	3.8015	3.8003	2.312	2.813	2.797	2.313	2.015	1.753	1.433	1.184	1.159	3.23610163
	9.30	1.57486165	1.5718	0.9966	3.7986	3.7780	2.278	2.800	2.778	2.283	1.979	1.712	1.385	1.130	1.104	3.23710847
	9.30	1.58418059	1.5810	1.0112	3.7964	3.7572	2.242	2.782	2.752	2.249	1.941	1.671	1.338	1.078	1.052	3.23803687
	9.30	1.59047639	1.5872	1.0242	3.7957	3.7431	2.210	2.756	2.723	2.217	1.908	1.636	1.302	1.041	1.014	3.23865676
	9.30	1.59491253	1.5916	1.0396	3.7967	3.7331	2.171	2.709	2.678	2.177	1.870	1.600	1.269	1.010	0.984	3.23909020
	9.30	1.59844077	1.5951	1.0620	3.8004	3.7264	2.115	2.625	2.602	2.116	1.816	1.553	1.231	0.980	0.954	3.23943305
	9.30	1.60000002	1.5966	1.0882	3.8068	3.7263	2.050	2.526	2.506	2.044	1.757	1.505	1.198	0.961	0.936	3.23958373
	9.30	1.60080838	1.5974	1.1030	3.8106	3.7267	2.013	2.469	2.451	2.003	1.724	1.478	1.180	0.951	0.927	3.23966193
	9.30	1.60143352	1.5980	1.1409	3.8204	3.7283	1.918	2.321	2.310	1.898	1.638	1.409	1.135	0.927	0.905	3.23972225
	9.30	1.60178804	1.5984	1.1901	3.8318	3.7249	1.795	2.151	2.138	1.765	1.528	1.319	1.072	0.887	0.867	3.23975635
	9.30	1.60186386	1.5985	1.1673	3.8288	3.7358	1.852	2.218	2.208	1.825	1.582	1.367	1.113	0.922	0.901	3.23976374
	9.30	1.60197699	1.5986	1.1479	3.8193	3.7170	1.900	2.310	2.297	1.881	1.619	1.389	1.112	0.901	0.879	3.23977447
	9.30	1.60220921	1.5988	1.1446	3.8075	3.6731	1.908	2.384	2.359	1.900	1.616	1.365	1.060	0.825	0.801	3.23979688
	9.30	1.60266674	1.5992	1.1529	3.7949	3.6144	1.888	2.447	2.400	1.893	1.584	1.312	0.976	0.715	0.688	3.23984098
	9.30	1.60375249	1.6003	1.1413	3.7820	3.5749	1.917	2.579	2.500	1.940	1.605	1.312	0.943	0.654	0.623	3.23994541
	9.30	1.60547853	1.6020	1.1111	3.7668	3.5450	1.992	2.800	2.667	2.041	1.676	1.357	0.948	0.625	0.590	3.24011111
	9.30	1.60703063	1.6035	1.0678	3.7531	3.5339	2.101	3.058	2.864	2.175	1.783	1.441	0.995	0.640	0.601	3.24025965
	9.30	1.60817671	1.6047	1.0238	3.7419	3.5330	2.210	3.312	3.054	2.313	1.896	1.536	1.057	0.674	0.632	3.24036932
	9.30	1.60923731	1.6057	0.9824	3.7314	3.5330	2.314	3.557	3.235	2.444	2.005	1.628	1.117	0.708	0.662	3.24047041
	9.30	1.61028421	1.6067	0.9522	3.7217	3.5246	2.390	3.771	3.385	2.549	2.088	1.694	1.154	0.719	0.670	3.24057007
	9.30	1.61082363	1.6073	0.9478	3.7171	3.5108	2.400	3.853	3.433	2.576	2.105	1.703	1.148	0.700	0.650	3.24062133
	9.30	1.61281133	1.6092	0.9955	3.7063	3.4201	2.281	3.907	3.403	2.495	2.000	1.579	0.988	0.511	0.456	3.24081016
	9.30	1.61413109	1.6105	1.0547	3.7017	3.3431	2.133	3.835	3.294	2.363	1.857	1.429	0.823	0.333	0.277	3.24093509
	9.30	1.61549783	1.6119	1.1247	3.6977	3.2576	1.958	3.730	3.155	2.205	1.689	1.254	0.634	0.133	0.075	3.24106431
	9.30	1.61675584	1.6131	1.1931	3.6942	3.1752	1.787	3.625	3.018	2.050	1.526	1.084	0.451	-0.060	-0.120	3.24118304
	9.30	1.61793506	1.6142	1.2603	3.6912	3.0965	1.619	3.512	2.879	1.896	1.365	0.917	0.273	-0.247	-0.308	3.24129415
	9.30	1.61903954	1.6153	1.3254	3.6879	3.0185	1.457	3.411	2.748	1.749	1.209	0.755	0.099	-0.430	-0.493	3.24139810
	9.30	1.62009859	1.6163	1.3890	3.6847	2.9423	1.297	3.315	2.621	1.605	1.057	0.596	-0.071	-0.609	-0.673	3.24149752
	9.30	1.62116551	1.6173	1.4550	3.6815	2.8639	1.132	3.213	2.488	1.454	0.899	0.432	-0.246	-0.794	-0.860	3.24159741
	9.30	1.62222791	1.6182	1.5201	3.6780	2.7849	0.970	3.122	2.361	1.307	0.744	0.270	-0.421	-0.979	-1.046	3.24169683
	9.30	1.62323952	1.6191	1.5848	3.6744	2.7062	0.808	3.032	2.236	1.163	0.591	0.110	-0.594	-1.163	-1.232	3.24179149
	9.30	1.62424409	1.6200	1.6516	3.6709	2.6255	0.641	2.939	2.108	1.017	0.436	-0.053	-0.771	-1.351	-1.423	3.24188519
	9.30	1.62518620	1.6208	1.7153	3.6676	2.5489	0.482	2.849	1.986	0.878	0.288	-0.208	-0.940	-1.530	-1.604	3.24197292
	9.30	1.62616146	1.6215	1.7835	3.6636	2.4649	0.311	2.765	1.861	0.732	0.131	-0.374	-1.121	-1.725	-1.801	3.24206376
	9.30	1.62717855	1.6222	1.8504	3.6597	2.3827	0.144	2.685	1.738	0.589	-0.024	-0.537	-1.300	-1.916	-1.994	3.24215817
	9.30	1.62855446	1.6230	1.9122	3.6561	2.3064	-0.011	2.613	1.626	0.456	-0.166	-0.687	-1.465	-2.093	-2.174	3.24228573
	9.30	1.62940383	1.6236	1.8425	3.6607	2.3946	0.164	2.685	1.748	0.603	-0.007	-0.518	-1.277	-1.891	-1.969	3.24236441
	9.30	1.62968183	1.6238	1.7852	3.6642	2.4660	0.307	2.751	1.851	0.725	0.125	-0.379	-1.124	-1.726	-1.802	3.24239016
	9.30	1.62999845	1.6240	1.7206	3.6681	2.5466	0.469	2.827	1.967	0.862	0.273	-0.222	-0.952	-1.540	-1.613	3.24241948
	9.30	1.63020372	1.6242	1.6893	3.6699	2.5850	0.547	2.868	2.026	0.929	0.345	-0.146	-0.868	-1.451	-1.523	3.24243855
	9.30	1.63097799	1.6248	1.7551	3.6663	2.5049	0.382	2.780	1.902	0.787	0.193	-0.306	-1.043	-1.638	-1.712	3.24251008
	9.30	1.63182068	1.6254	1.8140	3.6629	2.4327	0.235	2.707	1.793	0.660	0.056	-0.450	-1.200	-1.806	-1.882	3.24258780
	9.30	1.63268995	1.6260	1.8758	3.6594	2.3568	0.080	2.633	1.680	0.527	-0.086	-0.600	-1.364	-1.982	-2.060	3.24266791
	9.30	1.63348544	1.6264	1.9336	3.6558	2.2849	-0.064	2.569	1.576	0.404	-0.219	-0.741	-1.519	-2.148	-2.229	3.24274111
	9.30	1.63437116	1.6268	2.0029	3.6516	2.1988	-0.237	2.493	1.452	0.256	-0.378	-0.909	-1.704	-2.346	-2.430	3.24282241
	9.30	1.63510036	1.6271	2.0643	3.6475	2.1212	-0.391	2.438	1.350	0.132	-0.514	-1.056	-1.868	-2.524	-2.611	3.24288940
	9.30	1.63583398	1.6272	2.1321	3.6431	2.0358	-0.560	2.379	1.239	-0.003	-0.663	-1.217	-2.048	-2.719	-2.809	3.24295664
	9.30	1.63646162	1.6271	2.1943	3.6391	1.9575	-0.716	2.329	1.138	-0.126	-0.799	-1.365	-2.213	-2.898	-2.991	3.24301434
	9.30	1.63700283	1.6269	2.2526	3.6352	1.8836	-0.861	2.288	1.046	-0.241	-0.926	-1.503	-2.368	-3.067	-3.162	3.24306369
	9.30	1.63753796	1.6265	2.3172	3.6306	1.8004	-1.023	2.251	0.948	-0.366	-1.066	-1.655	-2.540	-3.255	-3.354	3.24311280
	9.30	1.63805056	1.6259	2.3869	3.6257	1.7109	-1.197	2.211	0.840	-0.502	-1.217	-1.820	-2.726	-3.458	-3.561	3.24315953
	9.30	1.63849103	1.6250	2.4525	3.6212	1.6271	-1.361	2.183	0.750	-0.620	-1.353	-1.973	-2.900	-3.647	-3.754	3.24319983
	9.30	1.63886797	1.6240	2.5133	3.6168	1.5486	-1.513	2.165	0.670	-0.727	-1.476	-2.114	-3.061	-3.823	-3.934	3.24323416
	9.30	1.63919783	1.6228	2.5729	3.6125	1.4714	-1.662	2.153	0.594	-0.830	-1.597	-2.252	-3.219	-3.996	-4.111	3.24326444
	9.30	1.63951111	1.6213	2.6378	3.6076	1.3864	-1.824	2.150	0.515	-0.941	-1.727	-2.401	-3.392	-4.185	-4.305	3.24329281
	9.30	1.63978291	1.6195	2.6991	3.6024	1.3038	-1.978	2.164	0.450	-1.039	-1.846	-2.541	-3.555	-4.367	-4.492	3.24331760
	9.30	1.64004087	1.6173	2.7622	3.5971	1.2189	-2.135	2.163	0.392	-1.126	-1.957	-2.681	-3.725	-4.553	-4.684	3.24334121
	9.30	1.64026582	1.6148	2.8210	3.5926	1.1417	-2.282	2.139	0.336	-1.205	-2.057	-2.810	-3.882	-4.723	-4.859	3.24336171
	9.30	1.64047980	1.6116	2.8885	3.5878	1.0540	-2.451	2.104	0.266	-1.299	-2.175	-2.959	-4.061	-4.918	-5.058	3.24338126
	9.30	1.64067709	1.6078	2.9507	3.5825	0.9694	-2.607	2.092	0.220	-1.372	-2.275	-3.092	-4.228	-5.102	-5.248	3.24339914
	9.30	1.64084971	1.6034	3.0154	3.5767	0.8805	-2.768	2.085	0.177	-1.445	-2.377	-3.229	-4.402	-5.294	-5.446	3.24341488
	9.30	1.64103043	1.5974	3.0860	3.5690	0.7774	-2.945	2.051	0.248	-1.384	-2.386	-3.334	-4.604	-5.515	-5.675	3.24343133
	9.30	1.64117002	1.5910	3.1489	3.5640	0.6929	-3.102	1.969	0.265	-1.367	-2.419	-3.438	-4.780	-5.702	-5.866	3.24344397
	9.30	1.64129591	1.5836	3.2084	3.5580	0.6072	-3.251	1.889	0.323	-1.303	-2.415	-3.522	-4.952	-5.889	-6.056	3.24345541
	9.30	1.64138353	1.5773	3.2523	3.5533	0.5429	-3.361	1.820	0.371	-1.248	-2.406	-3.581	-5.079	-6.028	-6.198	3.24346352
	9.30	1.64138353	1.5771	1.6929	3.6807	2.6117	0.538	2.665	1.909	0.860	0.304	-0.164	-0.846	-1.393	-1.459	3.24346352
	9.30	1.64226103	1.5780	1.7223	3.6780	2.5720	0.464	2.642	1.862	0.798	0.236	-0.236	-0.928	-1.483	-1.550	3.24354315
	9.30	1.64288270	1.5785	1.7309	3.6775	2.5613	0.443	2.632	1.846	0.779	0.216	-0.258	-0.952	-1.508	-1.576	3.24359965
	9.30	1.64359653	1.5792	1.7291	3.6778	2.5647	0.447	2.630	1.847	0.782	0.220	-0.253	-0.946	-1.501	-1.569	3.24366426
	9.30	1.64513004	1.5807	1.7269	3.6785	2.5698	0.453	2.624	1.847	0.785	0.224	-0.248	-0.938	-1.492	-1.559	3.24380326
	9.30	1.64668906	1.5822	1.7266	3.6790	2.5725	0.454	2.616	1.843	0.783	0.223	-0.248	-0.936	-1.488	-1.555	3.24394417
	9.30	1.64829898	1.5837	1.7272	3.6794	2.5740	0.452	2.607	1.837	0.780	0.221	-0.249	-0.936	-1.487	-1.554	3.24408913
	9.30	1.64993501	1.5853	1.7276	3.6798	2.5757	0.451	2.598	1.832	0.776	0.219	-0.251	-0.936	-1.485	-1.552	3.24423623
	9.30	1.65161240	1.5869	1.7280	3.6802	2.5774	0.450	2.589	1.827	0.773	0.217	-0.252	-0.936	-1.483	-1.550	3.24438667
	9.30	1.65340567	1.5886	1.7290	3.6806	2.5784	0.448	2.580	1.821	0.769	0.213	-0.254	-0.937	-1.483	-1.550	3.24454737
	9.30	1.65511751	1.5902	1.7300	3.6810	2.5793	0.445	2.571	1.815	0.765	0.210	-0.257	-0.938	-1.484	-1.550	3.24469995
	9.30	1.65684295	1.5919	1.7319	3.6812	2.5790	0.440	2.561	1.807	0.759	0.205	-0.262	-0.942	-1.487	-1.553	3.24485373
	9.30	1.65858662	1.5936	1.7344	3.6814	2.5777	0.434	2.552	1.799	0.751	0.198	-0.268	-0.948	-1.492	-1.558	3.24500847
	9.30	1.66028571	1.5952	1.7365	3.6817	2.5770	0.429	2.543	1.792	0.745	0.192	-0.274	-0.952	-1.495	-1.561	3.24515915
	9.30	1.66056621	1.5955	1.7367	3.6817	2.5770	0.428	2.541	1.791	0.744	0.191	-0.274	-0.953	-1.496	-1.562	3.24518394
	9.30	1.66238749	1.5972	1.7408	3.6817	2.5732	0.418	2.532	1.781	0.734	0.181	-0.284	-0.963	-1.506	-1.572	3.24534488
	9.30	1.66463315	1.5994	1.7463	3.6816	2.5679	0.404	2.521	1.769	0.721	0.168	-0.298	-0.977	-1.521	-1.587	3.24554253
	9.30	1.66726434	1.6019	1.7558	3.6812	2.5574	0.380	2.506	1.749	0.699	0.145	-0.322	-1.002	-1.547	-1.613	3.24577355
	9.30	1.66972363	1.6042	1.7694	3.6802	2.5405	0.347	2.492	1.725	0.670	0.113	-0.355	-1.039	-1.587	-1.654	3.24598861
	9.30	1.67321002	1.6075	1.8052	3.6775	2.4949	0.257	2.455	1.663	0.592	0.030	-0.444	-1.138	-1.693	-1.761	3.24629235
	9.30	1.67395377	1.6082	1.8151	3.6767	2.4820	0.232	2.446	1.646	0.571	0.006	-0.469	-1.165	-1.723	-1.791	3.24635696
	9.30	1.67508793	1.6092	1.8331	3.6753	2.4585	0.187	2.431	1.616	0.533	-0.035	-0.513	-1.215	-1.777	-1.846	3.24645519
	9.30	1.67702293	1.6108	1.8849	3.6712	2.3909	0.058	2.388	1.532	0.429	-0.151	-0.638	-1.356	-1.931	-2.003	3.24662256
	9.30	1.67754257	1.6113	1.9119	3.6693	2.3563	-0.010	2.362	1.486	0.373	-0.212	-0.703	-1.429	-2.010	-2.083	3.24666762
	9.30	1.67784297	1.6115	1.9715	3.6644	2.2775	-0.159	2.317	1.391	0.254	-0.345	-0.847	-1.591	-2.189	-2.265	3.24669337
	9.30	1.67792881	1.6115	2.0259	3.6603	2.2066	-0.295	2.272	1.302	0.143	-0.467	-0.978	-1.739	-2.350	-2.429	3.24670100
	9.30	1.67798615	1.6116	2.1173	3.6533	2.0871	-0.523	2.200	1.154	-0.043	-0.672	-1.198	-1.987	-2.621	-2.704	3.24670577
	9.30	1.67801082	1.6116	2.1813	3.6483	2.0031	-0.683	2.156	1.055	-0.169	-0.812	-1.351	-2.161	-2.811	-2.897	3.24670792
	9.30	1.67803311	1.6116	2.2368	3.6441	1.9309	-0.822	2.126	0.973	-0.274	-0.931	-1.481	-2.309	-2.974	-3.063	3.24670982
	9.30	1.67805994	1.6116	2.2869	3.6404	1.8660	-0.947	2.097	0.897	-0.371	-1.039	-1.600	-2.443	-3.121	-3.213	3.24671221
	9.30	1.67808926	1.6116	2.3152	3.6382	1.8290	-1.018	2.084	0.856	-0.424	-1.099	-1.666	-2.519	-3.205	-3.298	3.24671483
	9.30	1.67824626	1.6115	2.2444	3.6437	1.9217	-0.841	2.118	0.959	-0.290	-0.948	-1.500	-2.329	-2.995	-3.085	3.24672818
	9.30	1.67846680	1.6115	2.2199	3.6459	1.9549	-0.780	2.124	0.991	-0.246	-0.897	-1.443	-2.263	-2.921	-3.009	3.24674726
	9.30	1.67915118	1.6113	2.2998	3.6397	1.8500	-0.979	2.086	0.875	-0.397	-1.067	-1.630	-2.477	-3.158	-3.250	3.24680638
	9.30	1.67940128	1.6112	2.3508	3.6356	1.7828	-1.107	2.065	0.802	-0.493	-1.176	-1.750	-2.614	-3.309	-3.404	3.24682784
	9.30	1.67962980	1.6110	2.4182	3.6302	1.6937	-1.276	2.041	0.707	-0.618	-1.318	-1.908	-2.795	-3.509	-3.609	3.24684739
	9.30	1.67982590	1.6106	2.4902	3.6246	1.5991	-1.455	2.015	0.606	-0.753	-1.471	-2.076	-2.988	-3.721	-3.826	3.24686432
	9.30	1.67998803	1.6102	2.5597	3.6187	1.5059	-1.629	2.019	0.530	-0.864	-1.605	-2.235	-3.174	-3.928	-4.038	3.24687839
	9.30	1.68017316	1.6095	2.6599	3.6106	1.3732	-1.880	2.024	0.415	-1.029	-1.803	-2.465	-3.441	-4.223	-4.340	3.24689436
	9.30	1.68026364	1.6089	2.7273	3.6050	1.2832	-2.048	2.037	0.341	-1.138	-1.935	-2.619	-3.621	-4.422	-4.545	3.24690199
	9.30	1.68035305	1.6082	2.8102	3.5979	1.1718	-2.256	2.048	0.260	-1.261	-2.087	-2.804	-3.843	-4.667	-4.798	3.24690962
	9.30	1.68041635	1.6074	2.8877	3.5919	1.0702	-2.449	2.018	0.189	-1.362	-2.218	-2.973	-4.050	-4.893	-5.030	3.24691510
	9.30	1.68046486	1.6066	2.9550	3.5864	0.9803	-2.618	2.000	0.135	-1.444	-2.328	-3.119	-4.231	-5.091	-5.234	3.24691939
	9.30	1.68050492	1.6058	3.0134	3.5808	0.8993	-2.763	2.002	0.103	-1.503	-2.415	-3.241	-4.388	-5.266	-5.415	3.24692273
	9.30	1.68054914	1.6046	3.0758	3.5744	0.8113	-2.920	2.005	0.084	-1.551	-2.498	-3.367	-4.558	-5.457	-5.612	3.24692655
	9.30	1.68059444	1.6030	3.1371	3.5681	0.7242	-3.073	1.951	0.155	-1.481	-2.492	-3.452	-4.736	-5.648	-5.809	3.24693060
	9.30	1.68063724	1.6011	3.1890	3.5624	0.6490	-3.203	1.894	0.221	-1.411	-2.479	-3.521	-4.887	-5.813	-5.977	3.24693418
	9.30	1.68069541	1.5979	3.2600	3.5557	0.5503	-3.380	1.785	0.273	-1.351	-2.486	-3.626	-5.090	-6.032	-6.201	3.24693918
	9.30	1.68071938	1.5962	3.3220	3.5492	0.4620	-3.535	1.694	0.346	-1.264	-2.466	-3.705	-5.268	-6.227	-6.401	3.24694133
	9.30	1.68072414	1.5958	3.3395	3.5470	0.4356	-3.579	1.715	0.409	-1.196	-2.428	-3.705	-5.318	-6.281	-6.458	3.24694157
	9.30	1.68072903	1.5953	3.3510	3.5458	0.4191	-3.608	1.723	0.439	-1.162	-2.411	-3.710	-5.350	-6.316	-6.494	3.24694204
	9.30	1.68073392	1.5949	3.3627	3.5446	0.4023	-3.637	1.731	0.470	-1.128	-2.394	-3.715	-5.383	-6.351	-6.531	3.24694252
	9.30	1.68073869	1.5944	3.3742	3.5433	0.3858	-3.665	1.739	0.501	-1.095	-2.378	-3.720	-5.416	-6.385	-6.567	3.24694300
	9.30	1.68074346	1.5939	3.3857	3.5421	0.3693	-3.694	1.746	0.531	-1.061	-2.361	-3.725	-5.448	-6.420	-6.603	3.24694324
	9.30	1.68074834	1.5934	3.3973	3.5409	0.3525	-3.723	1.754	0.562	-1.027	-2.344	-3.730	-5.481	-6.455	-6.640	3.24694371
	9.30	1.68075311	1.5928	3.4089	3.5397	0.3359	-3.752	1.761	0.593	-0.993	-2.327	-3.734	-5.513	-6.490	-6.676	3.24694419
	9.30	1.68075788	1.5923	3.4203	3.5384	0.3194	-3.781	1.768	0.623	-0.960	-2.310	-3.739	-5.545	-6.524	-6.713	3.24694443
	9.30	1.68076253	1.5917	3.4319	3.5372	0.3028	-3.810	1.776	0.654	-0.926	-2.293	-3.744	-5.578	-6.559	-6.749	3.24694490
	9.30	1.68076718	1.5910	3.4435	3.5360	0.2861	-3.839	1.783	0.684	-0.892	-2.276	-3.749	-5.610	-6.594	-6.785	3.24694538
	9.30	1.68077183	1.5904	3.4552	3.5347	0.2692	-3.868	1.790	0.715	-0.858	-2.259	-3.754	-5.643	-6.629	-6.822	3.24694562
	9.30	1.68077660	1.5897	3.4670	3.5335	0.2522	-3.897	1.797	0.747	-0.823	-2.242	-3.758	-5.677	-6.665	-6.860	3.24694610
	9.30	1.68078125	1.5889	3.4787	3.5322	0.2353	-3.927	1.804	0.778	-0.789	-2.224	-3.763	-5.709	-6.700	-6.896	3.24694657
	9.30	1.68078578	1.5882	3.4900	3.5310	0.2190	-3.955	1.811	0.808	-0.755	-2.208	-3.768	-5.741	-6.734	-6.932	3.24694705
	9.30	1.68079042	1.5874	3.5018	3.5298	0.2020	-3.984	1.818	0.839	-0.721	-2.190	-3.773	-5.774	-6.770	-6.969	3.24694729
	9.30	1.68079519	1.5866	3.5135	3.5285	0.1851	-4.014	1.825	0.869	-0.687	-2.173	-3.778	-5.807	-6.805	-7.006	3.24694777
	9.30	1.68079984	1.5857	3.5236	3.5274	0.1703	-4.039	1.831	0.897	-0.656	-2.158	-3.782	-5.836	-6.835	-7.038	3.24694824
	9.30	1.68080449	1.5848	3.5335	3.5263	0.1558	-4.064	1.837	0.924	-0.626	-2.142	-3.785	-5.864	-6.865	-7.070	3.24694848
	9.30	1.68080914	1.5838	3.5435	3.5253	0.1413	-4.089	1.843	0.951	-0.596	-2.127	-3.789	-5.892	-6.895	-7.101	3.24694896
	9.30	1.68081391	1.5829	3.5535	3.5242	0.1267	-4.114	1.857	0.985	-0.561	-2.108	-3.788	-5.920	-6.925	-7.131	3.24694943
	9.30	1.68081856	1.5819	3.5633	3.5231	0.1124	-4.138	1.872	1.020	-0.525	-2.088	-3.785	-5.947	-6.953	-7.161	3.24694967
	9.30	1.68082321	1.5808	3.5732	3.5221	0.0979	-4.163	1.888	1.056	-0.489	-2.068	-3.782	-5.974	-6.982	-7.191	3.24695015
	9.30	1.68082786	1.5798	3.5831	3.5210	0.0835	-4.188	1.903	1.092	-0.454	-2.048	-3.779	-6.001	-7.011	-7.220	3.24695063
	9.30	1.68083251	1.5786	3.5931	3.5199	0.0688	-4.213	1.919	1.128	-0.417	-2.028	-3.776	-6.029	-7.040	-7.250	3.24695086
	9.30	1.68083727	1.5774	3.6030	3.5188	0.0542	-4.238	1.934	1.163	-0.381	-2.007	-3.773	-6.056	-7.069	-7.280	3.24695134
	9.30	1.68084192	1.5762	3.6124	3.5178	0.0404	-4.261	1.949	1.197	-0.347	-1.988	-3.770	-6.082	-7.096	-7.308	3.24695182
	9.30	1.68085158	1.5736	3.6250	3.5164	0.0215	-4.293	1.969	1.244	-0.300	-1.962	-3.766	-6.117	-7.132	-7.346	3.24695253
	9.30	1.68086433	1.5699	3.6396	3.5148	-0.0004	-4.329	1.992	1.296	-0.247	-1.932	-3.761	-6.157	-7.175	-7.390	3.24695373
	9.30	1.68087709	1.5659	3.6539	3.5133	-0.0219	-4.365	2.015	1.348	-0.195	-1.903	-3.757	-6.196	-7.216	-7.433	3.24695468
	9.30	1.68088973	1.5618	3.6681	3.5117	-0.0434	-4.400	2.037	1.399	-0.144	-1.874	-3.753	-6.235	-7.257	-7.476	3.24695587
	9.30	1.68090236	1.5574	3.6824	3.5102	-0.0652	-4.436	2.059	1.451	-0.092	-1.845	-3.748	-6.275	-7.299	-7.519	3.24695706
	9.30	1.68091488	1.5529	3.6965	3.5087	-0.0867	-4.471	2.082	1.502	-0.040	-1.816	-3.744	-6.314	-7.340	-7.561	3.24695802
	9.30	1.68092740	1.5480	3.7082	3.5074	-0.1049	-4.501	2.100	1.545	0.003	-1.792	-3.740	-6.346	-7.374	-7.596	3.24695921
	9.30	1.68093967	1.5431	3.7196	3.5061	-0.1227	-4.529	2.118	1.586	0.044	-1.769	-3.737	-6.378	-7.407	-7.631	3.24696016
	9.30	1.68095195	1.5378	3.7311	3.5049	-0.1406	-4.558	2.136	1.627	0.086	-1.746	-3.733	-6.409	-7.441	-7.665	3.24696112
	9.30	1.68096411	1.5324	3.7425	3.5037	-0.1585	-4.586	2.154	1.669	0.128	-1.722	-3.730	-6.441	-7.474	-7.699	3.24696231
	9.30	1.68097615	1.5267	3.7539	3.5024	-0.1765	-4.615	2.172	1.710	0.169	-1.699	-3.726	-6.472	-7.507	-7.734	3.24696326
	9.30	1.68098819	1.5207	3.7654	3.5012	-0.1947	-4.644	2.190	1.751	0.211	-1.676	-3.723	-6.504	-7.540	-7.768	3.24696422
	9.30	1.68099999	1.5146	3.7768	3.4999	-0.2127	-4.672	2.208	1.792	0.252	-1.653	-3.720	-6.535	-7.573	-7.802	3.24696541
	9.30	1.68101192	1.5081	3.7882	3.4987	-0.2311	-4.701	2.210	1.816	0.272	-1.652	-3.726	-6.566	-7.604	-7.834	3.24696636
	9.30	1.68102360	1.5014	3.7996	3.4975	-0.2493	-4.729	2.213	1.840	0.293	-1.652	-3.732	-6.597	-7.634	-7.866	3.24696732
	9.30	1.68103516	1.4944	3.8109	3.4962	-0.2676	-4.757	2.215	1.864	0.313	-1.650	-3.738	-6.628	-7.665	-7.898	3.24696827
	9.30	1.68104672	1.4870	3.8223	3.4950	-0.2861	-4.786	2.218	1.888	0.334	-1.649	-3.744	-6.659	-7.696	-7.929	3.24696946
	9.30	1.68105817	1.4793	3.8337	3.4937	-0.3047	-4.814	2.221	1.913	0.355	-1.648	-3.750	-6.690	-7.726	-7.961	3.24697042
	9.30	1.68106961	1.4712	3.8451	3.4925	-0.3236	-4.843	2.223	1.937	0.376	-1.647	-3.756	-6.721	-7.757	-7.993	3.24697137
	9.30	1.68108082	1.4625	3.8564	3.4912	-0.3424	-4.871	2.226	1.962	0.397	-1.646	-3.762	-6.752	-7.788	-8.025	3.24697232
	9.30	1.68109214	1.4524	3.8678	3.4900	-0.3619	-4.899	2.229	1.987	0.418	-1.645	-3.768	-6.783	-7.819	-8.057	3.24697328
	9.30	1.68110311	1.4396	3.8790	3.4887	-0.3820	-4.928	2.233	2.012	0.440	-1.643	-3.774	-6.813	-7.849	-8.088	3.24697423
	9.30	1.68111420	1.4181	3.8903	3.4874	-0.4051	-4.956	2.237	2.039	0.463	-1.640	-3.778	-6.844	-7.880	-8.120	3.24697518
	9.30	1.68112326	1.3856	3.8997	3.4862	-0.4292	-4.979	2.243	2.065	0.486	-1.636	-3.781	-6.870	-7.905	-8.147	3.24697590
	9.30	1.68113232	1.2900	3.9091	3.4847	-0.4758	-5.003	2.258	2.107	0.523	-1.623	-3.777	-6.896	-7.931	-8.175	3.24697661
	9.30	1.68113744	1.0922	3.9143	3.4829	-0.5606	-5.016	2.290	2.170	0.581	-1.593	-3.757	-6.913	-7.948	-8.192	3.24697709
	9.30	1.68113852	0.9883	3.9153	3.4820	-0.6082	-5.018	2.308	2.203	0.612	-1.576	-3.745	-6.917	-7.952	-8.197	3.24697733
	9.30	1.68113923	0.8989	3.9159	3.4813	-0.6530	-5.020	2.326	2.233	0.640	-1.559	-3.732	-6.920	-7.954	-8.201	3.24697733
	9.30	1.68113983	0.8206	3.9163	3.4806	-0.6960	-5.021	2.343	2.263	0.668	-1.543	-3.721	-6.923	-7.957	-8.204	3.24697733
	9.30	1.68114054	0.7317	3.9168	3.4796	-0.7499	-5.022	2.364	2.301	0.703	-1.523	-3.705	-6.926	-7.960	-8.207	3.24697733
	9.30	1.68114078	0.6183	3.9176	3.4783	-0.8290	-5.024	2.395	2.353	0.752	-1.494	-3.684	-6.930	-7.964	-8.213	3.24697733
	9.30	1.68114221	0.6183	3.7984	4.0806	1.6990	-4.726	-4.665	-4.163	-4.064	-4.046	-4.008	-3.870	-3.842	-3.807	3.24697757
	9.30	1.68114233	0.6183	3.7980	4.2091	2.2136	-4.725	-4.292	-3.514	-3.353	-3.297	-3.210	-2.975	-2.912	-2.855	3.24697757
	9.30	1.68114257	0.6183	3.7974	4.2732	2.4706	-4.723	-4.104	-3.182	-3.004	-2.935	-2.829	-2.549	-2.470	-2.399	3.24697757
	9.30	1.68114305	0.6183	3.7945	4.4108	3.0241	-4.716	-3.550	-2.482	-2.243	-2.135	-1.986	-1.633	-1.523	-1.429	3.24697757
	9.30	1.68114340	0.6183	3.7886	4.4996	3.3849	-4.702	-3.128	-2.007	-1.730	-1.601	-1.429	-1.038	-0.912	-0.805	3.24697757
	9.30	1.68114364	0.6183	3.7840	4.6249	3.8910	-4.690	-2.373	-1.205	-0.892	-0.749	-0.566	-0.159	-0.026	0.088	3.24697757
	9.30	1.68114376	0.6183	3.7792	4.6876	4.1466	-4.678	-1.936	-0.750	-0.428	-0.280	-0.091	0.324	0.461	0.578	3.24697781
	9.30	1.68114400	0.6183	3.7718	4.7686	4.4779	-4.660	-1.568	-0.346	-0.034	0.100	0.282	0.699	0.827	0.935	3.24697781
	9.30	1.68114424	0.6183	3.7588	4.8443	4.7935	-4.627	-1.035	0.200	0.523	0.665	0.854	1.281	1.413	1.525	3.24697781
	9.30	1.68114448	0.6183	3.7368	4.9341	5.1750	-4.572	-0.370	0.877	1.212	1.360	1.555	1.993	2.129	2.244	3.24697781
	9.30	1.68114483	0.6183	3.6866	5.0288	5.6038	-4.447	0.411	1.668	2.013	2.166	2.368	2.813	2.953	3.071	3.24697781
	9.30	1.68114519	0.6183	3.6101	5.1026	5.9756	-4.255	1.121	2.385	2.736	2.892	3.098	3.548	3.691	3.810	3.24697781
	9.30	1.68114555	0.6183	3.4909	5.1588	6.3196	-3.957	1.819	3.086	3.441	3.599	3.808	4.262	4.405	4.526	3.24697781
	9.30	1.68114579	0.6183	3.3506	5.1840	6.5608	-3.606	2.349	3.619	3.974	4.134	4.344	4.799	4.944	5.065	3.24697781
	9.30	1.68114746	0.6183	3.2102	5.1815	6.6909	-3.255	2.682	3.951	4.307	4.467	4.676	5.131	5.276	5.397	3.24697804
	9.30	1.68114829	0.6183	3.0481	5.1719	6.8149	-2.850	3.019	4.288	4.643	4.802	5.011	5.466	5.610	5.731	3.24697804
	9.30	1.68256581	0.6185	2.9036	5.1572	6.9007	-2.489	3.275	4.543	4.897	5.056	5.264	5.719	5.862	5.983	3.24709964
	9.30	1.68388212	0.6187	2.6955	5.1303	7.0011	-1.969	3.604	4.869	5.223	5.380	5.587	6.039	6.182	6.303	3.24721241
	9.30	1.68388641	0.6187	2.5072	5.1020	7.0764	-1.498	3.874	5.138	5.489	5.645	5.851	6.301	6.444	6.563	3.24721289
	9.30	1.68389082	0.6187	2.3994	5.0855	7.1181	-1.229	4.027	5.289	5.639	5.795	5.999	6.449	6.591	6.710	3.24721313
	9.30	1.68389177	0.6187	2.3229	5.0741	7.1489	-1.037	4.138	5.399	5.747	5.903	6.107	6.556	6.698	6.817	3.24721336
	9.30	1.68389642	0.6187	2.1032	5.0421	7.2404	-0.488	4.462	5.721	6.066	6.220	6.423	6.869	7.009	7.128	3.24721360
	9.30	1.68390465	0.6187	1.9228	5.0149	7.3121	-0.037	4.723	5.979	6.322	6.475	6.676	7.120	7.260	7.377	3.24721432
	9.30	1.68391609	0.6187	1.7502	4.9879	7.3770	0.394	4.967	6.220	6.561	6.712	6.912	7.354	7.492	7.609	3.24721527
	9.30	1.68393683	0.6187	1.5612	4.9568	7.4413	0.867	5.224	6.474	6.811	6.961	7.158	7.598	7.735	7.850	3.24721718
	9.30	1.68396604	0.6187	1.3807	4.9257	7.4977	1.318	5.462	6.708	7.042	7.189	7.385	7.822	7.957	8.072	3.24721956
	9.30	1.68400669	0.6187	1.1956	4.8928	7.5511	1.781	5.700	6.942	7.272	7.417	7.610	8.043	8.177	8.291	3.24722314
	9.30	1.68405235	0.6187	1.0399	4.8637	7.5905	2.170	5.893	7.131	7.457	7.600	7.791	8.220	8.353	8.465	3.24722695
	9.30	1.68411112	0.6187	0.8814	4.8339	7.6297	2.567	6.089	7.322	7.645	7.785	7.973	8.399	8.531	8.641	3.24723196
	9.30	1.68418884	0.6187	0.7177	4.8022	7.6666	2.976	6.287	7.516	7.833	7.970	8.155	8.578	8.707	8.817	3.24723864
	9.30	1.68428254	0.6187	0.5658	4.7719	7.6973	3.355	6.468	7.691	8.003	8.138	8.320	8.738	8.866	8.974	3.24724674
	9.30	1.68439651	0.6187	0.4119	4.7408	7.7268	3.740	6.683	7.896	8.207	8.343	8.524	8.940	9.068	9.177	3.24725652
	9.30	1.68459308	0.6187	0.2411	4.7048	7.7536	4.167	7.007	8.198	8.521	8.670	8.859	9.276	9.412	9.529	3.24727321
	9.30	1.68484545	0.6188	0.0800	4.6704	7.7772	4.570	7.197	8.376	8.697	8.846	9.034	9.448	9.584	9.701	3.24729490
	9.30	1.68510318	0.6188	-0.0476	4.6428	7.7945	4.889	7.328	8.498	8.814	8.962	9.147	9.559	9.693	9.809	3.24731684
	9.30	1.68547177	0.6188	-0.1881	4.6123	7.8129	5.240	7.475	8.637	8.945	9.091	9.275	9.685	9.818	9.932	3.24734831
	9.30	1.68596470	0.6189	-0.3266	4.5819	7.8299	5.587	7.634	8.784	9.084	9.229	9.414	9.824	9.957	10.069	3.24739051
	9.30	1.68646884	0.6189	-0.4485	4.5551	7.8447	5.891	7.799	8.935	9.226	9.370	9.555	9.964	10.096	10.208	3.24743342
	9.30	1.68740857	0.6191	-0.5774	4.5274	7.8626	6.213	8.005	9.119	9.400	9.541	9.725	10.127	10.257	10.366	3.24751353
	9.30	1.68871963	0.6192	-0.7385	4.4968	7.9014	6.616	8.304	9.385	9.654	9.789	9.967	10.357	10.482	10.588	3.24762511
	9.30	1.69058561	0.6194	-0.8785	4.4648	7.9137	6.966	8.546	9.590	9.843	9.972	10.141	10.515	10.634	10.735	3.24778342
	9.30	1.69341135	0.6197	-1.0213	4.4315	7.9235	7.323	8.783	9.784	10.022	10.144	10.304	10.659	10.773	10.868	3.24802232
	9.30	1.69694543	0.6201	-1.1550	4.4002	7.9324	7.657	9.000	9.957	10.183	10.298	10.450	10.789	10.896	10.985	3.24832010
	9.30	1.70319378	0.6208	-1.3113	4.3633	7.9416	8.048	9.253	10.155	10.365	10.473	10.615	10.932	11.031	11.112	3.24884272
	9.30	1.70957708	0.6215	-1.4491	4.3321	7.9550	8.393	9.481	10.334	10.530	10.630	10.763	11.062	11.153	11.228	3.24937201
	9.30	1.71320331	0.6220	-1.5511	4.3204	8.0105	8.648	9.692	10.526	10.717	10.814	10.943	11.235	11.324	11.397	3.24967051
	9.30	1.71780574	0.6225	-1.6250	4.3031	8.0156	8.833	9.811	10.616	10.799	10.892	11.016	11.298	11.384	11.453	3.25004721
	9.30	1.72346759	0.6231	-1.6970	4.2859	8.0193	9.013	9.925	10.701	10.876	10.965	11.084	11.355	11.437	11.504	3.25050735
	9.30	1.72459555	0.6232	-1.7098	4.2829	8.0200	9.044	9.945	10.717	10.889	10.977	11.096	11.365	11.447	11.513	3.25059867
	9.30	1.72789586	0.6237	-1.7410	4.2755	8.0218	9.123	9.995	10.754	10.923	11.009	11.126	11.391	11.470	11.535	3.25086498
	9.30	1.73633814	0.6247	-1.8104	4.2590	8.0261	9.296	10.105	10.836	10.996	11.079	11.190	11.446	11.522	11.584	3.25154018
	9.30	1.74605739	0.6260	-1.8799	4.2425	8.0305	9.470	10.217	10.918	11.070	11.149	11.255	11.500	11.574	11.633	3.25230837
	9.30	1.75727785	0.6274	-1.9494	4.2260	8.0352	9.644	10.329	11.000	11.144	11.219	11.320	11.555	11.626	11.682	3.25318241
	9.30	1.77026606	0.6291	-2.0202	4.2093	8.0401	9.820	10.446	11.084	11.219	11.290	11.387	11.611	11.679	11.732	3.25417757
	9.30	1.78062880	0.6304	-2.0712	4.1972	8.0438	9.948	10.532	11.145	11.274	11.342	11.436	11.652	11.717	11.768	3.25495934
	9.30	1.79353845	0.6320	-2.1287	4.1837	8.0481	10.092	10.630	11.214	11.337	11.402	11.492	11.698	11.761	11.809	3.25591803
	9.30	1.80586457	0.6335	-2.1781	4.1720	8.0520	10.215	10.716	11.274	11.391	11.454	11.540	11.739	11.799	11.845	3.25681829
	9.30	1.80806029	0.6338	-2.1863	4.1701	8.0527	10.236	10.731	11.284	11.400	11.462	11.548	11.745	11.805	11.851	3.25697732
	9.30	1.81559634	0.6348	-2.2186	4.1625	8.0554	10.317	10.789	11.325	11.437	11.497	11.581	11.772	11.830	11.875	3.25751901
	9.30	1.82573378	0.6362	-2.2668	4.1512	8.0590	10.437	10.876	11.385	11.490	11.549	11.629	11.812	11.868	11.910	3.25823927
	9.30	1.83575547	0.6375	-2.3135	4.1401	8.0624	10.554	10.965	11.445	11.543	11.600	11.676	11.851	11.904	11.945	3.25894189
	9.30	1.84731972	0.6390	-2.3667	4.1275	8.0664	10.687	11.066	11.513	11.604	11.658	11.730	11.895	11.946	11.984	3.25974154
	9.30	1.85903454	0.6406	-2.4194	4.1151	8.0702	10.819	11.169	11.582	11.666	11.716	11.785	11.940	11.987	12.023	3.26053953
	9.30	1.87085962	0.6421	-2.4718	4.1027	8.0741	10.950	11.272	11.650	11.727	11.775	11.839	11.984	12.028	12.061	3.26133299
	9.30	1.88276041	0.6437	-2.5237	4.0904	8.0778	11.079	11.379	11.721	11.789	11.834	11.894	12.028	12.069	12.099	3.26211953
	9.30	1.89497900	0.6453	-2.5760	4.0780	8.0816	11.210	11.487	11.794	11.851	11.893	11.949	12.072	12.110	12.137	3.26291490
	9.30	1.90708601	0.6468	-2.6267	4.0659	8.0853	11.337	11.596	11.866	11.913	11.952	12.003	12.114	12.149	12.173	3.26369119
	9.30	1.91268396	0.6475	-2.5833	4.0767	8.0852	11.228	11.503	11.806	11.862	11.904	11.960	12.081	12.119	12.146	3.26404595
	9.30	1.91417301	0.6476	-2.5252	4.0909	8.0839	11.083	11.383	11.727	11.795	11.840	11.901	12.035	12.076	12.107	3.26413989
	9.30	1.91567981	0.6477	-2.4643	4.1057	8.0826	10.931	11.260	11.647	11.725	11.774	11.839	11.987	12.032	12.066	3.26423502
	9.30	1.91721201	0.6478	-2.4020	4.1209	8.0812	10.775	11.139	11.568	11.655	11.707	11.778	11.937	11.986	12.023	3.26433134
	9.30	1.91877711	0.6479	-2.3391	4.1363	8.0797	10.618	11.019	11.489	11.585	11.641	11.716	11.888	11.940	11.980	3.26442957
	9.30	1.92038131	0.6480	-2.2763	4.1516	8.0783	10.461	10.901	11.411	11.516	11.575	11.655	11.839	11.895	11.937	3.26452994
	9.30	1.92203104	0.6482	-2.2146	4.1666	8.0768	10.306	10.791	11.337	11.451	11.512	11.597	11.792	11.850	11.895	3.26463318
	9.30	1.92373312	0.6483	-2.1549	4.1812	8.0753	10.157	10.687	11.266	11.388	11.452	11.541	11.746	11.808	11.856	3.26473927
	9.30	1.92562342	0.6484	-2.0864	4.1978	8.0735	9.986	10.571	11.186	11.316	11.384	11.478	11.694	11.759	11.810	3.26485705
	9.30	1.92757368	0.6486	-2.0154	4.2151	8.0716	9.808	10.455	11.104	11.242	11.315	11.413	11.641	11.709	11.763	3.26497817
	9.30	1.92957747	0.6487	-1.9478	4.2314	8.0696	9.639	10.345	11.026	11.172	11.249	11.352	11.590	11.662	11.718	3.26510215
	9.30	1.93162441	0.6489	-1.8830	4.2471	8.0674	9.478	10.241	10.951	11.105	11.185	11.293	11.541	11.615	11.675	3.26522875
	9.30	1.93368769	0.6490	-1.8194	4.2624	8.0651	9.319	10.140	10.877	11.039	11.123	11.235	11.492	11.569	11.632	3.26535583
	9.30	1.93573010	0.6491	-1.7566	4.2774	8.0626	9.162	10.041	10.803	10.974	11.060	11.177	11.444	11.524	11.589	3.26548147
	9.30	1.93768215	0.6493	-1.6937	4.2925	8.0600	9.004	9.941	10.729	10.907	10.997	11.118	11.393	11.477	11.545	3.26560116
	9.30	1.93943000	0.6494	-1.6287	4.3066	8.0515	8.842	9.833	10.644	10.828	10.923	11.047	11.331	11.418	11.488	3.26570821
	9.30	1.94092560	0.6495	-1.5460	4.3168	8.0099	8.635	9.666	10.493	10.682	10.779	10.907	11.197	11.285	11.357	3.26579952
	9.30	1.94385982	0.6497	-1.4131	4.3415	7.9758	8.303	9.427	10.294	10.494	10.597	10.732	11.037	11.131	11.207	3.26597810
	9.30	1.95467210	0.6505	-1.3826	4.3486	7.9741	8.227	9.377	10.255	10.459	10.563	10.701	11.010	11.105	11.183	3.26663113
	9.30	1.96556818	0.6513	-1.3645	4.3526	7.9727	8.181	9.347	10.231	10.437	10.542	10.681	10.992	11.088	11.167	3.26728058
	9.30	1.97420299	0.6519	-1.3668	4.3521	7.9732	8.187	9.351	10.234	10.439	10.544	10.683	10.994	11.090	11.169	3.26778913
	9.30	1.98356247	0.6530	-1.4048	4.3436	7.9781	8.282	9.414	10.284	10.485	10.589	10.725	11.031	11.125	11.202	3.26833439
	9.30	1.99611342	0.6545	-1.4561	4.3321	7.9846	8.410	9.499	10.351	10.548	10.648	10.781	11.080	11.171	11.246	3.26905632
	9.30	2.00808215	0.6559	-1.4998	4.3224	7.9904	8.520	9.572	10.409	10.600	10.698	10.828	11.121	11.211	11.284	3.26973414
	9.30	2.02020478	0.6573	-1.5475	4.3118	7.9965	8.639	9.650	10.470	10.656	10.752	10.878	11.165	11.253	11.324	3.27041078
	9.30	2.03178501	0.6586	-1.5845	4.3036	8.0014	8.731	9.711	10.517	10.700	10.794	10.917	11.200	11.286	11.355	3.27104759
	9.30	2.04341626	0.6600	-1.6176	4.2962	8.0059	8.814	9.766	10.560	10.739	10.830	10.952	11.230	11.314	11.382	3.27167821
	9.30	2.05479264	0.6613	-1.6518	4.2886	8.0104	8.900	9.822	10.603	10.779	10.868	10.988	11.261	11.344	11.411	3.27228642
	9.30	2.06620646	0.6626	-1.6872	4.2807	8.0152	8.988	9.880	10.648	10.820	10.907	11.025	11.293	11.374	11.440	3.27288842
	9.30	2.07660198	0.6638	-1.7731	4.2639	8.0347	9.203	10.030	10.770	10.933	11.016	11.129	11.388	11.465	11.528	3.27342939
	9.30	2.08771253	0.6651	-1.8676	4.2477	8.0652	9.439	10.205	10.916	11.071	11.151	11.259	11.507	11.581	11.642	3.27400017
	9.30	2.09921193	0.6664	-1.9508	4.2337	8.0934	9.647	10.361	11.046	11.194	11.271	11.375	11.614	11.686	11.743	3.27458310
	9.30	2.11663818	0.6684	-2.0374	4.2134	8.1000	9.863	10.504	11.150	11.287	11.359	11.457	11.684	11.752	11.806	3.27545142
	9.30	2.13326192	0.6703	-2.1077	4.1969	8.1055	10.039	10.622	11.234	11.364	11.432	11.525	11.741	11.806	11.857	3.27626324
	9.30	2.14932990	0.6721	-2.1702	4.1822	8.1105	10.195	10.729	11.310	11.432	11.497	11.586	11.792	11.854	11.902	3.27703309
	9.30	2.16500044	0.6738	-2.2265	4.1690	8.1150	10.336	10.828	11.379	11.494	11.556	11.642	11.838	11.897	11.943	3.27777028
	9.30	2.17991781	0.6755	-2.2767	4.1572	8.1191	10.462	10.919	11.442	11.550	11.610	11.692	11.880	11.937	11.980	3.27845979
	9.30	2.18991804	0.6766	-2.3096	4.1495	8.1218	10.544	10.979	11.483	11.587	11.646	11.725	11.907	11.963	12.004	3.27891541
	9.30	2.19996357	0.6777	-2.3412	4.1420	8.1244	10.623	11.039	11.524	11.624	11.680	11.758	11.934	11.988	12.028	3.27936792
	9.30	2.21186614	0.6792	-2.3498	4.1403	8.1269	10.645	11.056	11.536	11.635	11.691	11.768	11.943	11.996	12.037	3.27989745
	9.30	2.23677111	0.6824	-2.3686	4.1364	8.1322	10.692	11.093	11.563	11.660	11.715	11.791	11.962	12.015	12.055	3.28098297
	9.30	2.26289797	0.6858	-2.3914	4.1315	8.1377	10.749	11.138	11.595	11.689	11.743	11.817	11.985	12.037	12.076	3.28208971
	9.30	2.28959823	0.6892	-2.4153	4.1264	8.1434	10.808	11.185	11.629	11.720	11.773	11.845	12.009	12.060	12.097	3.28318834
	9.30	2.31689978	0.6926	-2.4415	4.1208	8.1492	10.874	11.237	11.666	11.753	11.805	11.876	12.035	12.084	12.121	3.28427911
	9.30	2.34591722	0.6962	-2.4731	4.1139	8.1556	10.953	11.301	11.710	11.794	11.844	11.912	12.066	12.113	12.149	3.28540397
	9.30	2.37582421	0.6999	-2.5045	4.1071	8.1621	11.031	11.364	11.755	11.834	11.883	11.949	12.097	12.143	12.177	3.28652763
	9.30	2.40862131	0.7040	-2.5416	4.0991	8.1694	11.124	11.439	11.807	11.881	11.929	11.992	12.133	12.177	12.209	3.28771996
	9.30	2.44342685	0.7082	-2.5765	4.0904	8.1722	11.211	11.511	11.853	11.921	11.966	12.026	12.160	12.201	12.231	3.28894210
	9.30	2.48076153	0.7128	-2.6215	4.0811	8.1829	11.324	11.607	11.922	11.982	12.025	12.082	12.208	12.247	12.275	3.29020548
	9.30	2.50000000	0.7151	-2.6503	4.0754	8.1903	11.396	11.669	11.968	12.023	12.064	12.120	12.240	12.278	12.304	3.29083824
	9.30	2.64229894	0.7349	-2.5659	4.0997	8.2148	11.185	11.501	11.871	11.945	11.993	12.056	12.198	12.242	12.274	3.29515433
	9.30	2.81189990	0.7578	-2.4424	4.1362	8.2509	10.876	11.277	11.747	11.843	11.899	11.974	12.146	12.199	12.238	3.29956937
	9.30	2.97468948	0.7792	-2.3041	4.1751	8.2800	10.530	11.040	11.605	11.724	11.787	11.874	12.075	12.136	12.182	3.30320168
	9.30	3.00525331	0.7834	-2.3268	4.1705	8.2867	10.587	11.083	11.638	11.754	11.816	11.902	12.099	12.159	12.205	3.30382681
	9.30	3.02598524	0.7872	-2.4942	4.1302	8.2951	11.006	11.392	11.845	11.938	11.992	12.066	12.233	12.284	12.323	3.30424166
	9.30	3.04736233	0.7911	-2.6642	4.0893	8.3035	11.430	11.728	12.067	12.134	12.179	12.239	12.371	12.412	12.442	3.30466175
	9.30	3.05986905	0.7933	-2.7648	4.0650	8.3083	11.682	11.940	12.208	12.253	12.292	12.342	12.453	12.488	12.512	3.30490398
	9.30	3.07034683	0.7952	-2.8502	4.0444	8.3122	11.895	12.125	12.333	12.358	12.389	12.430	12.521	12.550	12.569	3.30510497
	9.30	3.07841730	0.7967	-2.9184	4.0279	8.3152	12.066	12.277	12.438	12.443	12.467	12.500	12.575	12.599	12.613	3.30525851
	9.30	3.08411074	0.7977	-2.9689	4.0157	8.3173	12.192	12.390	12.521	12.509	12.527	12.552	12.615	12.633	12.644	3.30536628
	9.30	3.08946705	0.7986	-3.0179	4.0037	8.3193	12.315	12.500	12.604	12.573	12.585	12.603	12.653	12.667	12.675	3.30546713
	9.30	3.17741179	0.8144	-2.4646	4.1326	8.2899	10.931	11.324	11.784	11.878	11.933	12.007	12.176	12.228	12.267	3.30706024
	9.30	3.17744756	0.8144	-2.4275	4.1415	8.2882	10.839	11.253	11.736	11.836	11.893	11.970	12.146	12.199	12.240	3.30706072
	9.30	3.17812419	0.8145	-2.3868	4.1512	8.2863	10.737	11.176	11.685	11.790	11.849	11.929	12.112	12.168	12.210	3.30707264
	9.30	3.17840505	0.8146	-2.5100	4.1218	8.2922	11.045	11.411	11.842	11.930	11.982	12.053	12.213	12.263	12.300	3.30707741
	9.30	3.17922211	0.8147	-2.3459	4.1609	8.2844	10.635	11.103	11.634	11.745	11.806	11.888	12.079	12.137	12.181	3.30709171
	9.30	3.18048763	0.8150	-2.2937	4.1731	8.2813	10.504	11.008	11.569	11.687	11.749	11.836	12.035	12.096	12.142	3.30711365
	9.30	3.18122172	0.8151	-2.5607	4.1098	8.2951	11.172	11.511	11.909	11.989	12.039	12.106	12.256	12.302	12.337	3.30712652
	9.30	3.18163514	0.8152	-2.2500	4.1834	8.2787	10.395	10.932	11.516	11.638	11.703	11.793	11.999	12.062	12.110	3.30713367
	9.30	3.18319321	0.8154	-2.1671	4.2025	8.2724	10.188	10.789	11.413	11.546	11.615	11.710	11.929	11.995	12.047	3.30716085
	9.30	3.18692756	0.8161	-2.1586	4.2045	8.2721	10.166	10.775	11.403	11.536	11.606	11.702	11.922	11.989	12.041	3.30722547
	9.30	3.18743157	0.8162	-2.6308	4.0932	8.2995	11.347	11.652	12.003	12.072	12.118	12.179	12.315	12.357	12.388	3.30723429
	9.30	3.19007802	0.8167	-2.1512	4.2062	8.2719	10.148	10.763	11.394	11.528	11.598	11.694	11.916	11.983	12.036	3.30728006
	9.30	3.19402480	0.8174	-2.1416	4.2084	8.2716	10.124	10.746	11.382	11.517	11.588	11.685	11.908	11.975	12.028	3.30734801
	9.30	3.19771409	0.8180	-2.1272	4.2116	8.2703	10.088	10.722	11.364	11.501	11.572	11.670	11.895	11.963	12.017	3.30741143
	9.30	3.20030117	0.8185	-2.7383	4.0679	8.3068	11.616	11.878	12.154	12.203	12.242	12.294	12.407	12.443	12.467	3.30745578
	9.30	3.20106983	0.8186	-2.1144	4.2144	8.2692	10.056	10.700	11.348	11.486	11.558	11.657	11.884	11.952	12.006	3.30746889
	9.30	3.20411706	0.8192	-2.0944	4.2189	8.2675	10.006	10.666	11.323	11.463	11.536	11.636	11.866	11.936	11.990	3.30752110
	9.30	3.20688033	0.8197	-2.0742	4.2235	8.2659	9.955	10.632	11.298	11.440	11.515	11.616	11.849	11.919	11.974	3.30756807
	9.30	3.20938134	0.8201	-2.0494	4.2290	8.2632	9.893	10.590	11.266	11.411	11.487	11.590	11.826	11.897	11.954	3.30761075
	9.30	3.21164179	0.8205	-2.0255	4.2343	8.2606	9.834	10.550	11.236	11.384	11.461	11.565	11.805	11.877	11.934	3.30764914
	9.30	3.21368098	0.8209	-2.0007	4.2398	8.2580	9.772	10.508	11.204	11.355	11.433	11.539	11.782	11.855	11.914	3.30768347
	9.30	3.21551800	0.8212	-1.9765	4.2452	8.2556	9.711	10.468	11.174	11.327	11.407	11.514	11.761	11.835	11.895	3.30771470
	9.30	3.21717095	0.8215	-1.9517	4.2506	8.2528	9.649	10.426	11.142	11.299	11.380	11.488	11.739	11.813	11.874	3.30774260
	9.30	3.21865654	0.8217	-1.9246	4.2565	8.2492	9.581	10.381	11.107	11.266	11.349	11.459	11.713	11.789	11.850	3.30776763
	9.30	3.21998978	0.8220	-1.8996	4.2619	8.2461	9.519	10.339	11.075	11.237	11.320	11.433	11.690	11.767	11.829	3.30779004
	9.30	3.22956419	0.8237	-2.9252	4.0239	8.3205	12.083	12.289	12.440	12.440	12.462	12.493	12.564	12.586	12.599	3.30795074
	9.30	3.23096275	0.8239	-1.9594	4.2473	8.2487	9.669	10.433	11.143	11.298	11.378	11.486	11.734	11.808	11.868	3.30797386
	9.30	3.24283242	0.8260	-1.7795	4.2910	8.2446	9.219	10.150	10.936	11.112	11.203	11.323	11.598	11.681	11.748	3.30817103
	9.30	3.25577402	0.8283	-1.6125	4.3317	8.2413	8.801	9.888	10.740	10.936	11.036	11.168	11.467	11.559	11.633	3.30838370
	9.30	3.26998782	0.8308	-1.4632	4.3683	8.2398	8.428	9.651	10.560	10.773	10.882	11.025	11.346	11.445	11.528	3.30861449
	9.30	3.28571129	0.8336	-1.3292	4.4013	8.2393	8.093	9.439	10.398	10.625	10.740	10.892	11.232	11.339	11.428	3.30886674
	9.30	3.30321670	0.8367	-1.2131	4.4302	8.2407	7.803	9.258	10.257	10.495	10.616	10.776	11.131	11.244	11.339	3.30914378
	9.30	3.32028174	0.8397	-3.4290	3.9056	8.3595	13.343	13.494	13.581	13.352	13.229	13.124	13.032	12.954	12.952	3.30940986
	9.30	3.32275987	0.8402	-1.1151	4.4551	8.2439	7.558	9.104	10.135	10.384	10.511	10.678	11.046	11.163	11.263	3.30944824
	9.30	3.34450245	0.8440	-1.0350	4.4759	8.2491	7.357	8.976	10.033	10.292	10.423	10.596	10.975	11.097	11.200	3.30978155
	9.30	3.36846566	0.8482	-0.9757	4.4914	8.2538	7.209	8.879	9.954	10.220	10.355	10.531	10.918	11.043	11.148	3.31014204
	9.30	3.41887021	0.8570	-0.9232	4.5089	8.2758	7.078	8.806	9.900	10.174	10.312	10.493	10.888	11.015	11.122	3.31087804
	9.30	3.50000000	0.8711	-0.9699	4.5062	8.3189	7.195	8.914	10.005	10.278	10.416	10.596	10.989	11.116	11.223	3.31200266
	9.30	3.76044750	0.9226	-1.4886	4.3997	8.4364	8.491	9.832	10.788	11.014	11.129	11.281	11.620	11.727	11.815	3.31517720
	9.30	3.98018932	0.9654	-1.8873	4.3178	8.5272	9.488	10.523	11.352	11.541	11.638	11.767	12.057	12.146	12.218	3.31742644
	9.30	4.01167202	0.9717	-1.9613	4.3020	8.5407	9.673	10.647	11.451	11.633	11.726	11.849	12.130	12.216	12.285	3.31772161
	9.30	4.03359413	0.9762	-2.0329	4.2862	8.5513	9.852	10.766	11.543	11.717	11.806	11.925	12.197	12.279	12.346	3.31792307
	9.30	4.06131792	0.9820	-2.1185	4.2675	8.5646	10.066	10.908	11.653	11.818	11.903	12.017	12.277	12.355	12.418	3.31817365
	9.30	4.09734821	0.9895	-2.2064	4.2487	8.5804	10.286	11.056	11.768	11.923	12.004	12.112	12.361	12.435	12.496	3.31849217
	9.30	4.12703228	0.9957	-2.2777	4.2335	8.5938	10.464	11.178	11.862	12.010	12.087	12.190	12.430	12.502	12.559	3.31874871
	9.30	4.16221094	1.0030	-2.3638	4.2152	8.6101	10.679	11.326	11.976	12.114	12.187	12.285	12.513	12.582	12.636	3.31904602
	9.30	4.20425701	1.0117	-2.4452	4.1988	8.6294	10.883	11.472	12.088	12.219	12.287	12.381	12.598	12.663	12.715	3.31939220
	9.30	4.25511217	1.0222	-2.5426	4.1790	8.6523	11.127	11.650	12.223	12.344	12.408	12.497	12.700	12.761	12.809	3.31979823
	9.30	4.31888294	1.0354	-2.6235	4.1635	8.6765	11.329	11.804	12.342	12.454	12.515	12.599	12.791	12.850	12.894	3.32028818
	9.30	4.36578369	1.0450	-2.7615	4.1339	8.7002	11.674	12.069	12.533	12.628	12.683	12.757	12.927	12.979	13.018	3.32063580
	9.30	4.41258717	1.0546	-2.9025	4.1036	8.7240	12.026	12.351	12.732	12.809	12.857	12.922	13.067	13.112	13.145	3.32097220
	9.30	4.45947313	1.0643	-3.0454	4.0728	8.7478	12.383	12.653	12.944	12.997	13.038	13.092	13.209	13.246	13.272	3.32129931
	9.30	4.53231907	1.0795	-3.1856	4.0447	8.7818	12.734	12.964	13.173	13.198	13.229	13.271	13.363	13.392	13.410	3.32178879
	9.30	4.56669188	1.0869	-3.1979	4.0445	8.7960	12.765	12.994	13.202	13.227	13.258	13.300	13.391	13.420	13.438	3.32201219
	9.30	4.59001303	1.0919	-3.1992	4.0460	8.8054	12.768	12.999	13.211	13.238	13.270	13.313	13.405	13.435	13.453	3.32216096
	9.30	4.61291265	1.0968	-3.1943	4.0490	8.8144	12.756	12.991	13.211	13.242	13.275	13.318	13.414	13.445	13.464	3.32230496
	9.30	4.63481903	1.1015	-3.1835	4.0534	8.8229	12.729	12.970	13.203	13.238	13.272	13.318	13.418	13.450	13.470	3.32244110
	9.30	4.65532684	1.1059	-3.1640	4.0597	8.8306	12.680	12.930	13.182	13.223	13.260	13.308	13.414	13.447	13.470	3.32256675
	9.30	4.67626143	1.1104	-3.2127	4.0493	8.8393	12.802	13.037	13.258	13.289	13.322	13.366	13.462	13.493	13.512	3.32269335
	9.30	4.69835711	1.1152	-3.1799	4.0592	8.8479	12.720	12.969	13.220	13.260	13.296	13.345	13.450	13.483	13.505	3.32282519
	9.30	4.72178698	1.1202	-3.1434	4.0701	8.8571	12.628	12.894	13.177	13.227	13.267	13.320	13.435	13.471	13.497	3.32296324
	9.30	4.74689102	1.1255	-3.1044	4.0818	8.8669	12.531	12.815	13.133	13.193	13.236	13.293	13.419	13.459	13.487	3.32310915
	9.30	4.77403641	1.1313	-3.0643	4.0939	8.8774	12.431	12.736	13.089	13.159	13.206	13.267	13.404	13.446	13.477	3.32326436
	9.30	4.80362606	1.1377	-3.0247	4.1060	8.8889	12.332	12.662	13.050	13.128	13.177	13.242	13.390	13.435	13.469	3.32343054
	9.30	4.83643818	1.1447	-2.9878	4.1178	8.9017	12.239	12.596	13.016	13.102	13.153	13.223	13.380	13.428	13.464	3.32361174
	9.30	4.87356567	1.1526	-2.9559	4.1286	8.9162	12.160	12.542	12.992	13.084	13.137	13.210	13.376	13.427	13.465	3.32381248
	9.30	4.91647530	1.1618	-2.9328	4.1378	8.9330	12.102	12.507	12.981	13.078	13.134	13.210	13.383	13.436	13.475	3.32403922
	9.30	4.96436691	1.1720	-2.9238	4.1437	8.9514	12.080	12.500	12.989	13.090	13.147	13.224	13.402	13.456	13.497	3.32428575
