# -(NGC 2192 UBVI Hong Soo Park and Myung Gyoon Lee) 1999 MNRAS 304, 883 
#  ID    X      Y     V     B-V     U-B    V-I   Verr (B-V)e(U-B)e(V-I)e
#-----------------------------------------------------------------------
   1  469.4  859.0 15.865  0.477  0.099  0.482 0.013 0.030 0.058 0.014
   2  418.5  950.2 15.608  0.453  0.053  0.451 0.009 0.020 0.037 0.010
   3  419.0  860.9 15.885  0.458  0.188  0.570 0.013 0.036 0.069 0.014
   4  502.4  879.6 14.983  0.432  0.114  0.424 0.006 0.013 0.030 0.007
   5  537.5  891.7 12.969  0.924  0.475  0.930 0.002 0.006 0.010 0.002
   6  507.2  907.1 16.106  0.527 -0.081  0.530 0.012 0.034 0.064 0.013
   7  535.1  931.3 15.170  0.598 -0.201  0.483 0.012 0.045 0.049 0.014
   8  482.5  933.7 15.865  0.615 -0.112  0.649 0.013 0.035 0.061 0.014
   9  434.8  947.6 13.676  0.570 -0.056  0.648 0.003 0.006 0.007 0.004
  10  562.3  991.9 14.037  1.096  0.612  1.043 0.003 0.010 0.032 0.004
  11  412.9  884.8 14.165  1.078  0.608  1.072 0.004 0.014 0.027 0.005
  12  598.4  778.7 15.184  0.464 -0.030  0.477 0.007 0.020 0.051 0.010
  13  595.9  930.0 14.480  0.502  0.172  0.549 0.005 0.011 0.022 0.006
  14  625.8  971.8 14.743  0.720  0.089  0.741 0.005 0.015 0.029 0.006
  15  735.4  586.9 15.354  0.486  0.190  0.511 0.008 0.022 0.062 0.010
  16  614.3  684.2 14.397  0.766  0.175  0.758 0.003 0.007 0.041 0.004
  17  463.3  689.5 14.766  0.466  0.012  0.480 0.004 0.009 0.025 0.006
  18  553.3  710.7 15.492  0.447 -0.135  0.428 0.006 0.013 0.061 0.007
  19  591.7  723.8 14.466  0.545  0.093  0.566 0.004 0.008 0.030 0.005
  20  435.3  840.3 16.239  0.670 -0.176  0.642 0.019 0.049 0.078 0.020
  21  623.0  867.7 12.634  1.102  0.713  1.108 0.002 0.005 0.011 0.003
  22  648.0  929.0 15.338  0.394  0.115  0.399 0.007 0.017 0.043 0.009
  23  801.1  593.7 14.021  0.710  0.161  0.760 0.005 0.009 0.026 0.006
  24  842.6  663.2 14.256  0.980  0.577  1.061 0.007 0.015 0.053 0.009
  25  674.5  666.7 14.816  0.419  0.151  0.394 0.004 0.009 0.035 0.006
  26  461.1  711.3 14.162  1.086  0.670  1.091 0.003 0.009 0.045 0.004
  27  464.9  742.3 15.860  0.518 -0.135  0.474 0.012 0.033 0.066 0.013
  28  451.4  769.6 16.044  0.521  0.015  0.487 0.017 0.040 0.099 0.018
  29  583.9  802.3 15.094  0.600 -0.016  0.644 0.007 0.020 0.053 0.009
  30  501.4  829.0 15.650  0.490 -0.025  0.436 0.008 0.025 0.053 0.010
  31  456.9  843.1 15.827  0.570  0.025  0.492 0.013 0.034 0.058 0.014
  32  720.4  889.5 15.326  0.370  0.071  0.410 0.007 0.015 0.038 0.009
  33  699.7  682.2 14.997  0.632  0.036  0.716 0.006 0.016 0.051 0.007
  34  730.5  920.5 16.242  0.531 -0.106  0.552 0.012 0.039 0.077 0.014
  35  682.6  565.4 14.445  0.703  0.056  0.775 0.007 0.013 0.030 0.009
  36  547.1 1022.9 16.057  0.523  0.170  0.496 0.011 0.032 0.097 0.014
  37  395.9  778.3 15.264  0.396  0.031  0.379 0.010 0.023 0.049 0.012
  38  405.5  778.5 14.890  0.481  0.101  0.409 0.007 0.016 0.039 0.009
  39  308.1  917.8 15.804  0.531  0.062  0.489 0.013 0.032 0.064 0.014
  40  258.2 1042.9 15.431  0.424  0.120  0.484 0.007 0.016 0.044 0.009
  41  531.5 1230.1 15.544  0.340  0.267  0.321 0.008 0.020 0.058 0.012
  42  376.6  883.9 15.187  0.455  0.136  0.470 0.008 0.019 0.041 0.009
  43  359.7  897.6 16.041  0.626 -0.061  0.720 0.015 0.038 0.076 0.016
  44  180.1  908.7 14.320  0.287  0.112  0.295 0.004 0.008 0.017 0.005
  45  222.2  916.2 16.380  0.666 -0.063  0.622 0.018 0.050 0.114 0.019
  46  380.3  919.2 15.567  0.560  0.156  0.549 0.011 0.029 0.059 0.013
  47  367.1  938.3 14.897  0.403  0.252  0.459 0.006 0.015 0.036 0.007
  48  136.7  940.2 16.002  0.647 -0.237  0.482 0.014 0.044 0.077 0.016
  49  349.9  969.0 15.511  0.410  0.254  0.455 0.010 0.023 0.053 0.011
  50  298.3  993.3 15.980  0.589 -0.071  0.627 0.015 0.040 0.070 0.016
  51  183.3  998.7 14.202  1.114  0.552  1.108 0.005 0.011 0.034 0.006
  52  284.7 1014.1 15.569  0.481  0.009  0.565 0.009 0.019 0.043 0.011
  53  371.1 1031.2 16.032  0.624  0.060  0.633 0.012 0.031 0.084 0.013
  54  246.1 1043.6 15.961  0.480  0.171  0.529 0.010 0.026 0.072 0.012
  55  475.8 1052.5 14.637  0.388  0.167  0.465 0.005 0.012 0.028 0.008
  56  389.1 1055.1 13.606  0.652  0.256  0.777 0.003 0.007 0.013 0.004
  57  134.1 1063.6 14.624  0.386  0.100  0.432 0.006 0.010 0.022 0.008
  58  481.4 1074.1 14.347  0.450  0.115  0.520 0.004 0.010 0.023 0.006
  59  514.9 1085.1 15.097  0.429  0.137  0.517 0.007 0.014 0.036 0.009
  60  478.5 1089.6 14.236  0.528  0.159  0.582 0.004 0.010 0.024 0.005
  61  498.5 1127.9 14.609  0.509  0.135  0.578 0.005 0.012 0.028 0.008
  62  279.5 1142.7 16.102  0.519  0.058  0.572 0.010 0.029 0.077 0.012
  63  278.7 1154.4 14.372  1.070  0.599  1.053 0.005 0.010 0.041 0.006
  64  527.4 1158.7 15.418  0.446  0.245  0.510 0.008 0.020 0.057 0.011
  65  343.4 1167.8 14.266  1.012  0.618  1.035 0.007 0.018 0.036 0.009
  66  362.2 1169.3 14.266  0.879  0.469  0.879 0.004 0.010 0.031 0.005
  67  248.2 1177.8 14.495  1.051  0.595  1.076 0.005 0.012 0.044 0.006
  68  119.5 1215.9 12.361  1.174  0.671  1.196 0.002 0.005 0.009 0.011
  69  254.5 1217.3 16.187  0.911  0.401  0.834 0.012 0.042 0.152 0.014
  70  263.2 1231.6 16.275  0.546 -0.152  0.523 0.012 0.032 0.084 0.014
  71  503.8 1263.5 15.386  0.349  0.190  0.411 0.007 0.016 0.048 0.009
  72  281.0 1266.1 13.351  0.494  0.028  0.529 0.004 0.005 0.008 0.005
  73  370.9  971.1 15.764  0.536  0.034  0.528 0.013 0.030 0.064 0.014
  74  346.9 1039.8 14.581  0.452  0.124  0.510 0.004 0.011 0.022 0.005
  75  317.8 1194.5 15.979  0.422  0.109  0.516 0.011 0.026 0.068 0.013
  76   42.5  877.1 14.531  0.669  0.160  0.770 0.006 0.015 0.048 0.007
  77  688.9 1124.2 15.420  0.390  0.290  0.400 0.011 0.031 0.092 0.019
  78  574.2 1271.5 14.623  0.580  0.089  0.637 0.007 0.018 0.036 0.012
  79  755.9 1124.8 15.949  0.685  0.097  0.742 0.017 0.061 0.143 0.021
  80  688.4 1100.4 16.421  0.488  0.330  0.458 0.023 0.065 0.227 0.030
  81  800.6 1271.2 16.082  0.524  0.268  0.427 0.018 0.055 0.194 0.025
  82  584.9 1212.1 16.080  0.565  0.184  0.472 0.018 0.059 0.178 0.021
  83  678.9 1079.7 15.495  0.464  0.107  0.504 0.013 0.037 0.092 0.018
  84  624.2 1042.8 13.501  0.385  0.217  0.389 0.004 0.011 0.016 0.006
  85  710.7 1166.8 15.154  0.823  0.477  0.831 0.011 0.030 0.111 0.014
  86  645.6 1215.3 14.691  0.402  0.273  0.397 0.007 0.021 0.050 0.012
  87  765.8 1108.5 16.286  0.559  0.160  0.451 0.022 0.068 0.176 0.026
  88  579.6 1028.9 14.825  0.456  0.162  0.530 0.008 0.024 0.045 0.011
  89  814.5 1039.3 14.738  0.836  0.513  0.841 0.007 0.027 0.076 0.009
  90  453.6 1197.3 16.485  0.578 -0.027  0.643 0.017 0.046 0.171 0.018
  91   32.3 1157.9 14.670  0.242  0.228  0.457 0.010 0.017 0.025 0.013
  92   64.6 1176.5 14.947  0.618  0.313  0.852 0.010 0.026 0.050 0.011
  93   39.7 1164.9 13.857  1.170  1.032  1.246 0.008 0.017 0.056 0.010
  94  487.1  767.9 16.457  0.808 -0.452  0.584 0.021 0.055 0.266 0.022
  95   74.7  733.1 14.732  0.488  0.437  0.373 0.011 0.024 0.079 0.013
  96  359.0  621.8 15.175  0.498  0.616  0.441 0.008 0.018 0.150 0.010
  97    2.8  742.3 15.180  0.365  0.403  0.383 0.016 0.030 0.118 0.019
  98  123.1  766.0 15.671  0.698  0.125  0.461 0.023 0.053 0.178 0.027
  99   43.6  754.3 14.078  0.831  0.500  0.734 0.007 0.018 0.059 0.009
 100  365.5  638.2 15.511  0.475  0.226  0.434 0.010 0.023 0.146 0.012
 101  464.4  609.0 15.960  0.965  0.365  0.867 0.009 0.027 0.114 0.011
 102  577.8  890.3 16.035  1.034  0.751  0.961 0.011 0.052 0.160 0.012
 103  625.4  648.2 16.234  0.819  0.060  0.721 0.008 0.031 0.093 0.010
 104  626.0  825.5 16.212  0.875  0.079  0.706 0.015 0.042 0.102 0.017
 105  548.5  792.7 16.384  0.710 -0.039  0.539 0.014 0.049 0.138 0.018
 106  830.2  764.1 16.455  0.992 -0.150  0.892 0.019 0.066 0.176 0.023
 107  212.0 1047.2 16.419  0.577  0.168  0.648 0.014 0.039 0.128 0.016
 108  654.2  258.8 15.667  0.587    9.99     0.489 0.006 0.021   9.99    0.009
 109  481.7  474.7 15.299  0.609    9.99     0.640 0.004 0.015   9.99    0.006
 110  577.2  229.4 17.054  0.982    9.99     1.105 0.018 0.082   9.99    0.022
 111  269.3  235.7 16.528  0.936    9.99     0.991 0.011 0.068   9.99    0.013
 112  239.2  418.7 16.437  0.610    9.99     0.579 0.010 0.040   9.99    0.014
 113  193.4  451.6 14.826  0.745    9.99     0.741 0.004 0.012   9.99    0.006
 114  252.5  459.2 16.618  1.007    9.99     1.045 0.013 0.068   9.99    0.016
 115  215.2  347.4 17.272  0.661    9.99     0.704 0.017 0.084   9.99    0.025
 116  258.4  359.4 15.947  1.263    9.99     2.175 0.007 0.043   9.99    0.008
 117  223.5  397.6 17.675  0.641    9.99     0.747 0.028 0.100   9.99    0.037
 118  258.6  462.6 16.627  0.888    9.99     1.011 0.012 0.056   9.99    0.015
 119  364.0  477.0 15.571  0.620    9.99     0.637 0.006 0.019   9.99    0.009
 120  581.1  422.4 16.149  0.581    9.99     0.481 0.009 0.032   9.99    0.013
 121  300.3  444.9 17.498  0.709    9.99     0.800 0.023 0.105   9.99    0.031
 122  528.1  396.2 16.832  0.803    9.99     0.796 0.013 0.061   9.99    0.018
 123  563.5  655.3 16.610  0.922    9.99     0.900 0.013 0.049   9.99    0.015
 124  588.5  580.7 17.842  0.674    9.99     0.808 0.028 0.073   9.99    0.035
 125  327.1  596.1 17.781  0.853    9.99     0.827 0.068 0.181   9.99    0.073
 126  252.9  603.4 17.209  0.935    9.99     0.873 0.042 0.110   9.99    0.045
 127  641.3  636.6 17.118  1.129    9.99     0.951 0.018 0.071   9.99    0.022
 128  317.2  641.3 16.702  0.757    9.99     0.792 0.023 0.057   9.99    0.026
 129  422.4  658.0 17.966  1.230    9.99     1.089 0.044 0.150   9.99    0.048
 130  212.9  665.7 17.684  0.511    9.99     0.665 0.057 0.121   9.99    0.067
 131  630.4  703.4 16.583  1.000    9.99     0.862 0.014 0.069   9.99    0.017
 132  225.1  709.5 17.108  0.681    9.99     0.700 0.033 0.088   9.99    0.038
 133  423.7  580.5 17.855  0.658    9.99     0.816 0.039 0.103   9.99    0.045
 134  458.8  612.0 16.523  0.627    9.99     0.602 0.014 0.033   9.99    0.017
 135  614.3  633.1 18.620  0.648    9.99     0.572 0.068 0.164   9.99    0.089
 136  482.8  564.9 17.639  0.771    9.99     0.831 0.025 0.091   9.99    0.030
 137  628.9  657.8 17.603  1.086    9.99     0.942 0.026 0.100   9.99    0.032
 138  625.5  703.2 17.140  1.201    9.99     0.924 0.022 0.118   9.99    0.025
 139  183.5  724.1 16.942  0.706    9.99     0.580 0.027 0.092   9.99    0.032
 140  215.8  932.2 16.775  0.833    9.99     0.795 0.026 0.084   9.99    0.027
 141  430.8  823.1 16.887  0.851    9.99     0.647 0.029 0.078   9.99    0.031
 142  313.9  835.2 17.208  0.428    9.99     0.841 0.035 0.105   9.99    0.038
 143  314.2  906.5 16.547  0.585    9.99     0.567 0.025 0.057   9.99    0.026
 144   60.6  906.7 17.300  0.679    9.99     0.891 0.049 0.122   9.99    0.051
 145   36.9  907.0 17.091  0.851    9.99     0.755 0.039 0.114   9.99    0.046
 146  454.0  924.0 17.488  0.940    9.99     0.859 0.038 0.122   9.99    0.040
 147  466.5  959.0 16.560  0.645    9.99     0.572 0.023 0.055   9.99    0.024
 148  397.5  808.7 18.220  0.654    9.99     0.766 0.083 0.200   9.99    0.093
 149  342.9  834.2 16.953  0.457    9.99     0.787 0.034 0.094   9.99    0.036
 150  450.1  883.1 16.986  0.740    9.99     0.687 0.036 0.083   9.99    0.037
 151  327.3  937.6 17.555  1.221    9.99     0.606 0.052 0.192   9.99    0.065
 152  493.3  802.5 17.638  0.978    9.99     0.855 0.061 0.185   9.99    0.063
 153  398.5  988.1 16.813  0.638    9.99     0.632 0.027 0.077   9.99    0.028
 154  397.4  874.6 17.322  0.835    9.99     0.810 0.041 0.127   9.99    0.042
 155  134.5  944.7 16.949  0.737    9.99     0.917 0.033 0.108   9.99    0.035
 156   34.8  962.1 17.411  0.681    9.99     0.762 0.052 0.142   9.99    0.056
 157  314.0  981.5 17.083  1.054    9.99     0.766 0.034 0.119   9.99    0.036
 158  256.1  931.9 17.597  0.685    9.99     0.735 0.058 0.129   9.99    0.062
 159  379.6  978.4 17.264  0.752    9.99     0.664 0.034 0.115   9.99    0.036
 160  642.0  982.4 16.625  0.789    9.99     0.578 0.016 0.057   9.99    0.021
 161  703.3 1027.3 16.660  0.488    9.99     0.671 0.030 0.219   9.99    0.034
 162  444.7 1070.9 17.090  1.821    9.99     0.808 0.051 0.297   9.99    0.055
 163  403.7 1176.5 17.032  0.684    9.99     0.829 0.025 0.082   9.99    0.027
 164  504.5 1257.1 17.587  0.617    9.99     0.746 0.043 0.136   9.99    0.056
 165  458.2 1256.3 16.995  0.725    9.99     0.743 0.025 0.077   9.99    0.036
 166  638.7  836.6 17.052  0.902    9.99     0.623 0.026 0.091   9.99    0.029
 167  499.4  866.4 17.303  0.832    9.99     0.671 0.033 0.101   9.99    0.035
 168  350.5  928.6 17.560  1.325    9.99     0.597 0.049 0.145   9.99    0.053
 169  531.9  932.8 16.590  0.860    9.99     0.846 0.037 0.169   9.99    0.042
 170  593.9  944.0 17.274  0.944    9.99     0.635 0.036 0.116   9.99    0.039
 171  385.8  998.8 16.553  0.556    9.99     0.617 0.018 0.054   9.99    0.020
 172  626.8 1015.5 17.005  0.797    9.99     0.648 0.023 0.073   9.99    0.028
 173  680.4 1017.0 17.944  0.781    9.99     0.688 0.061 0.148   9.99    0.068
 174  411.1 1084.7 17.690  0.889    9.99     0.834 0.063 0.150   9.99    0.065
 175  380.7 1085.1 17.841  0.542    9.99     0.555 0.047 0.132   9.99    0.052
 176  533.4 1096.9 17.385  1.051    9.99     0.796 0.033 0.131   9.99    0.039
 177  442.8 1182.7 16.773  0.939    9.99     0.946 0.024 0.080   9.99    0.025
 178  489.6 1239.0 18.101  0.817    9.99     0.704 0.086 0.210   9.99    0.091
 179  467.0 1276.0 17.460  1.014    9.99     0.525 0.041 0.135   9.99    0.050
 180  799.0  840.3 17.840  0.523    9.99     0.877 0.046 0.109   9.99    0.053
 181  646.4  895.2 17.632  0.875    9.99     0.701 0.039 0.126   9.99    0.043
 182  461.4 1114.7 17.996  1.152    9.99     1.270 0.084 0.236   9.99    0.085
 183  429.0 1252.8 17.294  1.009    9.99     0.854 0.037 0.108   9.99    0.039
 184  406.5 1140.9 17.676  0.864    9.99     0.687 0.049 0.138   9.99    0.063
 185  171.1 1070.5 16.883  0.680    9.99     0.687 0.021 0.058   9.99    0.023
 186  305.8 1093.9 16.867  0.624    9.99     0.596 0.023 0.063   9.99    0.026
 187  308.2 1039.7 17.164  0.712    9.99     0.640 0.029 0.091   9.99    0.032
 188   96.5  896.3 18.039  1.114    9.99     1.288 0.046 0.159   9.99    0.049
 189  358.3  989.2 17.820  1.832    9.99     0.530 0.061 0.270   9.99    0.066
 190  160.1 1188.1 16.854  0.690    9.99     0.802 0.021 0.054   9.99    0.024
 191  166.3 1227.5 17.082  0.989    9.99     1.137 0.027 0.088   9.99    0.029
 192  197.8 1246.1 17.561  0.444    9.99     0.722 0.034 0.091   9.99    0.038
 193  302.2 1248.4 17.813  1.387    9.99     0.457 0.058 0.180   9.99    0.064
 194  312.4 1273.1 17.177  0.498    9.99     0.773 0.028 0.074   9.99    0.031
 195  198.9 1000.8 17.950  0.670    9.99     0.762 0.049 0.153   9.99    0.053
 196  382.4 1189.5 17.888  0.933    9.99     1.295 0.055 0.175   9.99    0.056
 197  313.5 1188.8 17.174  0.860    9.99     0.556 0.031 0.105   9.99    0.035
 198  518.7  992.1 16.735  0.690    9.99     0.676 0.014 0.036   9.99    0.017
 199  553.9  861.8 18.605  0.492    9.99     0.072 0.081 0.200   9.99    0.117
 200  399.1 1025.7 18.112  0.785    9.99     0.606 0.057 0.291   9.99    0.064
 201  409.6 1024.7 17.866  1.166    9.99     0.819 0.040 0.136   9.99    0.044
 202  732.4  576.2 17.193  0.949    9.99     0.807 0.030 0.102   9.99    0.033
 203  701.5  588.1 18.032  0.692    9.99     0.881 0.060 0.166   9.99    0.066
 204  858.4  643.9 15.949  0.931    9.99     1.055 0.019 0.050   9.99    0.022
 205  470.9  746.7 17.904  0.726    9.99     0.897 0.060 0.212   9.99    0.067
 206  747.4  803.4 16.509  1.442    9.99     1.005 0.016 0.086   9.99    0.018
 207  664.8  856.9 17.734  1.169    9.99     0.767 0.047 0.190   9.99    0.060
 208  726.1  711.0 16.948  1.398    9.99     0.818 0.025 0.112   9.99    0.028
 209  806.3  801.2 16.595  1.071    9.99     0.887 0.018 0.066   9.99    0.021
 210  448.8  817.9 17.819  0.806    9.99     0.699 0.049 0.143   9.99    0.056
 211  850.4  830.2 16.514  0.820    9.99     1.006 0.019 0.066   9.99    0.023
 212  740.8  679.2 18.035  0.614    9.99     0.843 0.044 0.117   9.99    0.051
 213  523.1  767.8 17.557  0.698    9.99     0.820 0.029 0.077   9.99    0.033
 214  744.5  813.2 18.137  0.891    9.99     0.813 0.056 0.156   9.99    0.064
 215  824.1  781.2 18.441  0.965    9.99     0.927 0.060 0.222   9.99    0.073
 216  525.6  792.1 17.629  0.770    9.99     0.851 0.031 0.105   9.99    0.037
 217  733.3  960.2 18.619  0.271    9.99     0.906 0.079 0.170   9.99    0.086
 218  453.6  807.4 18.532  0.993    9.99     1.189 0.076 0.265   9.99    0.079
 219  747.7  600.3 18.472  1.337    9.99     0.649 0.106 0.347   9.99    0.122
 220  722.6  877.3 17.798  1.424    9.99     0.673 0.056 0.199   9.99    0.062
 221  417.0  899.7 18.352  1.073    9.99     0.781 0.071 0.260   9.99    0.080
 222  285.3  978.9 18.143  1.409    9.99     0.511 0.083 0.241   9.99    0.089
 223  293.9 1011.7 17.597  1.976    9.99     0.574 0.057 0.198   9.99    0.061
 224  222.5 1172.5 18.952  0.754    9.99     1.402 0.149 0.363   9.99    0.154
 225  238.4 1201.9 18.416  2.001    9.99     0.748 0.099 0.480   9.99    0.111
 226  526.7 1292.1 17.762  0.856    9.99     0.623 0.052 0.163   9.99    0.061
 227  164.9  861.6 18.015  1.447    9.99     1.846 0.058 0.233   9.99    0.059
 228  115.3  959.8 18.925  0.794    9.99     1.076 0.113 0.370   9.99    0.117
 229  463.3 1058.9 17.252  0.702    9.99     0.625 0.032 0.102   9.99    0.038
 230  436.6 1070.7 17.985  0.776    9.99     0.804 0.061 0.180   9.99    0.083
 231  210.1 1104.2 18.482  0.426    9.99     1.006 0.089 0.174   9.99    0.095
 232  150.7 1117.2 18.221  0.701    9.99     0.844 0.066 0.163   9.99    0.071
 233  260.2 1273.6 17.773  1.607    9.99     1.420 0.059 0.170   9.99    0.060
 234  176.3  865.8 18.936  0.660    9.99     0.935 0.115 0.293   9.99    0.125
 235  428.8 1036.6 18.314  1.259    9.99     0.840 0.109 0.282   9.99    0.113
 236  122.4 1267.8 17.953  1.587    9.99     1.265 0.056 0.200   9.99    0.057
 237  104.2  864.0 18.650  0.563    9.99     0.814 0.115 0.268   9.99    0.121
 238   21.6 1280.8 16.605  0.898    9.99     0.811 0.023 0.082   9.99    0.026
 239   30.3  996.1 16.460  0.758    9.99     0.675 0.023 0.069   9.99    0.026
 240   12.9 1008.6 17.662  0.452    9.99     0.839 0.061 0.184   9.99    0.067
 241   86.1 1037.6 18.123  0.681    9.99     0.791 0.072 0.260   9.99    0.084
 242  240.6 1282.2 19.083 -0.034    9.99     1.451 0.232 0.518   9.99    0.233
 243   18.2 1023.4 17.789  0.996    9.99     0.797 0.066 0.284   9.99    0.073
 244   80.8 1030.0 17.388  1.006    9.99     0.927 0.051 0.177   9.99    0.056
 245  587.8 1078.4 17.928  0.948    9.99     0.600 0.084 0.357   9.99    0.093
 246  667.2 1096.0 18.102  0.414    9.99     0.694 0.126 0.304   9.99    0.133
 247  758.6 1224.8 17.992  0.728    9.99     0.406 0.112 0.328   9.99    0.133
 248  613.0 1052.3 16.247  0.935    9.99     0.565 0.025 0.078   9.99    0.029
 249  741.8 1192.8 18.018  0.822    9.99     0.900 0.115 0.372   9.99    0.125
 250  608.5 1243.1 16.625  1.350    9.99     0.941 0.029 0.142   9.99    0.034
 251  779.9 1089.1 17.315  0.910    9.99     0.415 0.060 0.171   9.99    0.068
 252  577.3 1242.1 17.422  0.921    9.99     0.651 0.067 0.212   9.99    0.077
 253  740.6 1273.4 17.534  1.043    9.99     0.699 0.081 0.284   9.99    0.089
 254   18.8  778.9 17.583  0.796    9.99     0.746 0.100 0.353   9.99    0.116
 255  246.8  790.0 17.465  0.591    9.99     0.703 0.091 0.213   9.99    0.095
 256  150.6  802.7 16.557  1.421    9.99     1.502 0.046 0.201   9.99    0.046
 257   40.2  637.8 17.654  0.743    9.99     0.678 0.108 0.319   9.99    0.122
 258   54.6  641.4 18.283  0.696    9.99     0.712 0.148 0.566   9.99    0.174
 259   91.2  757.4 16.763  0.715    9.99     0.602 0.053 0.140   9.99    0.061
 260  301.0  768.4 17.840  0.339    9.99     0.824 0.101 0.251   9.99    0.110
 261   78.7  803.4 16.327  0.751    9.99     0.668 0.039 0.090   9.99    0.044
 262  332.2  817.5 16.185  0.565    9.99     0.458 0.031 0.076   9.99    0.036
 263  542.7  353.3 18.258  0.844    9.99     0.811 0.067 0.186   9.99    0.078
 264  273.1  509.3 16.289  0.591    9.99     0.549 0.012 0.030   9.99    0.020
 265  473.0  260.8 17.505  0.803    9.99     0.875 0.025 0.101   9.99    0.032
 266  655.5  280.1 18.315  1.111    9.99     0.810 0.060 0.245   9.99    0.072
 267  360.9  342.1 18.237  1.536    9.99     1.442 0.057 0.374   9.99    0.061
 268  195.5  524.1 16.874  0.655    9.99     0.659 0.018 0.043   9.99    0.026
 269  262.4  668.3 17.618  0.650    9.99     0.783 0.032 0.085   9.99    0.038
 270  366.4  706.5 17.940  0.781    9.99     0.860 0.052 0.132   9.99    0.059
 271  634.8  305.0 18.328  1.595    9.99     0.975 0.060 0.376   9.99    0.072
 272  459.0  521.2 17.562  0.669    9.99     0.759 0.031 0.093   9.99    0.042
 273  560.1  262.9 18.649  0.645    9.99     0.757 0.082 0.217   9.99    0.102
 274  635.3  313.0 18.866  0.443    9.99     0.778 0.106 0.246   9.99    0.128
 275  212.3  318.7 18.039  0.655    9.99     1.003 0.046 0.129   9.99    0.052
 276  189.8  392.8 17.645  1.006    9.99     0.751 0.035 0.111   9.99    0.046
 277  643.8  496.9 18.212  0.817    9.99     0.691 0.054 0.167   9.99    0.070
 278  452.7  511.5 17.610  0.666    9.99     0.704 0.032 0.099   9.99    0.048
 279  284.6  633.7 17.802  1.415    9.99     1.032 0.037 0.177   9.99    0.043
 280  600.6  341.0 19.236  0.248    9.99     2.368 0.142 0.308   9.99    0.146
 281  536.5  516.6 18.098  1.027    9.99     1.131 0.049 0.201   9.99    0.063
 282  652.2  525.1 18.451  0.118    9.99     0.689 0.076 0.152   9.99    0.094
 283  483.6   89.0 12.541  0.594    9.99     0.495 0.001 0.002   9.99    0.002
 284  468.1  108.3 16.845  0.748    9.99     0.525 0.021 0.111   9.99    0.034
 285  383.7  175.6 16.352  0.981    9.99     1.045 0.016 0.113   9.99    0.021
 286  192.8  200.6 15.486  0.789    9.99     0.798 0.007 0.033   9.99    0.012
 287  326.8  216.8 17.078  0.881    9.99     0.744 0.023 0.169   9.99    0.031
 288  246.8    7.6 15.420  0.855    9.99     1.023 0.007 0.037   9.99    0.010
 289  659.3   38.3 15.985  0.699    9.99     0.834 0.012 0.048   9.99    0.017
 290  381.1   62.4 17.730  0.593    9.99     1.345 0.041 0.188   9.99    0.048
 291  318.1  145.8 17.152  0.950    9.99     1.180 0.025 0.165   9.99    0.032
 292  254.6  165.7 17.966  0.589    9.99     0.756 0.052 0.231   9.99    0.076
 293  369.9  183.1 16.812  0.795    9.99     0.662 0.018 0.112   9.99    0.031
 294  185.1   11.9 15.159  0.775    9.99     0.810 0.007 0.030   9.99    0.010
 295  216.7   83.3 16.582  0.832    9.99     1.089 0.016 0.092   9.99    0.020
 296  558.9  150.5 16.844  0.670    9.99     0.680 0.018 0.093   9.99    0.025
 297  568.2   68.4 16.612  0.925    9.99     0.994 0.019 0.127   9.99    0.023
 298  504.3   -0.4 11.181  0.637    9.99     0.529 0.010 0.024   9.99    0.022
 299  584.0  653.5 18.278    9.99       9.99     1.847 0.046   9.99      9.99    0.046
 300  413.5  692.1 19.027    9.99       9.99     0.900 0.083   9.99      9.99    0.100
 301  604.2  660.3 19.723    9.99       9.99     1.464 0.155   9.99      9.99    0.166
 302  397.1  672.6 19.229    9.99       9.99     0.929 0.098   9.99      9.99    0.135
 303  233.9  570.5 19.049    9.99       9.99     0.883 0.158   9.99      9.99    0.180
 304  413.2  977.4 19.154    9.99       9.99     0.921 0.126   9.99      9.99    0.140
 305  392.9  891.1 18.418    9.99       9.99     1.900 0.051   9.99      9.99    0.052
 306  441.2  894.5 19.308    9.99       9.99     1.064 0.161   9.99      9.99    0.168
 307  443.1  856.2 19.569    9.99       9.99     1.266 0.154   9.99      9.99    0.163
 308  410.7  875.9 18.118    9.99       9.99     1.854 0.051   9.99      9.99    0.052
 309  645.9  817.0 18.955    9.99       9.99     0.851 0.116   9.99      9.99    0.132
 310  644.0  964.9 19.247    9.99       9.99     1.169 0.200   9.99      9.99    0.204
 311  578.2  982.3 18.661    9.99       9.99     0.954 0.076   9.99      9.99    0.090
 312  408.7  823.6 19.234    9.99       9.99     1.181 0.137   9.99      9.99    0.151
 313  750.8  766.7 18.980    9.99       9.99     1.168 0.104   9.99      9.99    0.113
 314  153.3 1047.6 18.518    9.99       9.99     1.016 0.068   9.99      9.99    0.073
 315  181.4  952.8 19.212    9.99       9.99     0.849 0.105   9.99      9.99    0.120
 316  306.6  966.6 18.807    9.99       9.99     1.237 0.129   9.99      9.99    0.136
 317  244.0 1016.8 18.973    9.99       9.99     1.122 0.099   9.99      9.99    0.105
 318  449.2 1060.8 19.294    9.99       9.99     2.136 0.129   9.99      9.99    0.129
 319  435.0 1101.2 19.590    9.99       9.99     1.400 0.164   9.99      9.99    0.171
 320  387.9 1140.9 18.767    9.99       9.99     1.609 0.075   9.99      9.99    0.076
 321  230.2  826.5 19.031    9.99       9.99     1.322 0.141   9.99      9.99    0.144
 322  569.4 1136.7 18.686    9.99       9.99     1.343 0.103   9.99      9.99    0.107
 323  595.3 1227.0 18.817    9.99       9.99     1.117 0.133   9.99      9.99    0.140
 324  605.5  894.7 19.233    9.99       9.99     0.773 0.143   9.99      9.99    0.170
 325  474.2 1041.1 18.509    9.99       9.99     0.604 0.100   9.99      9.99    0.114
 326  183.0  920.7 19.649    9.99       9.99     0.820 0.189   9.99      9.99    0.220
 327  316.8 1078.5 18.910    9.99       9.99     0.665 0.115   9.99      9.99    0.136
 328   98.6 1241.8 19.569    9.99       9.99     1.090 0.178   9.99      9.99    0.190
 329  309.2 1267.0 18.236    9.99       9.99     0.729 0.060   9.99      9.99    0.069
 330   65.8  874.2 18.191    9.99       9.99     0.809 0.095   9.99      9.99    0.105
 331  516.7 1071.5 19.102    9.99       9.99     0.550 0.318   9.99      9.99    0.353
 332  690.8 1081.9 17.840    9.99       9.99     0.664 0.084   9.99      9.99    0.096
 333  596.1 1120.4 18.339    9.99       9.99     1.000 0.150   9.99      9.99    0.162
 334  716.9 1211.3 18.821    9.99       9.99     1.487 0.249   9.99      9.99    0.249
 335  435.8 1216.7 19.413    9.99       9.99     1.413 0.201   9.99      9.99    0.207
 336  117.6  852.2 19.418    9.99       9.99     2.050 0.275   9.99      9.99    0.279
 337  138.3  876.2 19.478    9.99       9.99     0.587 0.249   9.99      9.99    0.302
 338   37.7  933.8 18.645    9.99       9.99     0.796 0.130   9.99      9.99    0.142
 339  452.8 1107.8 19.235    9.99       9.99     0.892 0.206   9.99      9.99    0.222
 340  243.2 1168.6 19.248    9.99       9.99     1.161 0.230   9.99      9.99    0.236
 341   36.1 1255.0 18.416    9.99       9.99     0.995 0.102   9.99      9.99    0.111
 342  157.8  996.1 19.137    9.99       9.99     0.985 0.188   9.99      9.99    0.197
 343   60.1 1226.8 18.531    9.99       9.99     0.903 0.114   9.99      9.99    0.126
 344  702.6  549.3 18.384    9.99       9.99     1.007 0.126   9.99      9.99    0.135
 345  101.5  685.5 17.687    9.99       9.99     0.944 0.100   9.99      9.99    0.107
 346   39.9  792.5 18.587    9.99       9.99     1.175 0.216   9.99      9.99    0.226
 347  173.9  764.6 17.827    9.99       9.99     0.477 0.135   9.99      9.99    0.147
 348  320.2  768.8 18.599    9.99       9.99     0.608 0.221   9.99      9.99    0.245
 349  117.3  780.1 17.835    9.99       9.99     0.792 0.135   9.99      9.99    0.141
 350  321.6  785.2 18.647    9.99       9.99     1.127 0.245   9.99      9.99    0.253
 351  272.0  812.3 18.478    9.99       9.99     0.851 0.206   9.99      9.99    0.218
 352   36.2  717.6 18.262    9.99       9.99     0.642 0.155   9.99      9.99    0.179
 353   60.0  725.2 18.158    9.99       9.99     1.086 0.175   9.99      9.99    0.181
 354  636.7  972.4 19.008    9.99       9.99     0.850 0.134   9.99      9.99    0.159
 355  833.0  612.6 19.076    9.99       9.99     0.496 0.106   9.99      9.99    0.179
 356  735.7  633.5 18.669    9.99       9.99     1.112 0.075   9.99      9.99    0.093
 357  585.8  969.0 19.251    9.99       9.99     0.784 0.116   9.99      9.99    0.166
 358  820.4  979.4 19.382    9.99       9.99     2.017 0.132   9.99      9.99    0.139
 359  308.3  998.3 18.874    9.99       9.99     0.829 0.114   9.99      9.99    0.129
 360  727.2  621.7 20.180    9.99       9.99     1.899 0.390   9.99      9.99    0.410
 361  489.0  952.5 19.904    9.99       9.99     1.466 0.297   9.99      9.99    0.324
 362  699.0  934.9 19.766    9.99       9.99     1.406 0.222   9.99      9.99    0.256
 363  224.1 1157.1 19.315    9.99       9.99     1.353 0.200   9.99      9.99    0.214
 364  244.7 1247.5 18.942    9.99       9.99     1.124 0.163   9.99      9.99    0.182
 365  774.5  580.6 19.644    9.99       9.99     0.577 0.250   9.99      9.99    0.391
 366  676.4  732.9 18.879    9.99       9.99     1.266 0.126   9.99      9.99    0.147
 367  545.6  750.1 19.609    9.99       9.99     0.493 0.185   9.99      9.99    0.362
 368  820.0  998.8 19.535    9.99       9.99     0.580 0.201   9.99      9.99    0.328
 369  131.5  957.2 19.483    9.99       9.99     1.369 0.211   9.99      9.99    0.226
 370  496.6 1026.8 19.399    9.99       9.99     0.673 0.278   9.99      9.99    0.329
 371  456.8 1034.8 19.718    9.99       9.99     1.017 0.383   9.99      9.99    0.408
 372  363.7 1078.6 19.504    9.99       9.99     0.945 0.285   9.99      9.99    0.312
 373  271.5 1007.2 19.389    9.99       9.99     1.271 0.220   9.99      9.99    0.238
 374  557.2 1045.2 19.378    9.99       9.99     1.033 0.275   9.99      9.99    0.291
 375  511.4 1057.6 19.358    9.99       9.99     1.028 0.244   9.99      9.99    0.268
 376   94.4 1172.3 18.845    9.99       9.99     0.556 0.350   9.99      9.99    0.418
 377  365.7  931.5 18.667    9.99       9.99     0.026 0.139   9.99      9.99    0.192
 378  585.6  362.8 18.376    9.99       9.99     0.799 0.047   9.99      9.99    0.066
 379  425.4  285.2 18.444    9.99       9.99     0.693 0.053   9.99      9.99    0.078
 380  445.3  346.3 19.337    9.99       9.99     1.398 0.121   9.99      9.99    0.130
 381  390.0  379.1 18.716    9.99       9.99     1.142 0.061   9.99      9.99    0.076
 382  370.6  392.6 18.432    9.99       9.99     0.783 0.050   9.99      9.99    0.066
 383  305.9  475.1 19.222    9.99       9.99     1.508 0.106   9.99      9.99    0.112
 384  234.6  250.1 19.896    9.99       9.99     1.317 0.209   9.99      9.99    0.237
 385  328.8  380.0 19.577    9.99       9.99     1.138 0.218   9.99      9.99    0.251
 386  552.6  543.0 19.101    9.99       9.99     1.245 0.128   9.99      9.99    0.138
 387  340.4  727.4 18.924    9.99       9.99     0.607 0.113   9.99      9.99    0.172
 388  679.0  243.7 19.126    9.99       9.99     1.050 0.110   9.99      9.99    0.140
 389  239.7  276.4 19.781    9.99       9.99     1.720 0.244   9.99      9.99    0.252
 390  509.6  532.4 19.431    9.99       9.99     0.732 0.185   9.99      9.99    0.225
 391  321.9  561.6 19.191    9.99       9.99     0.958 0.136   9.99      9.99    0.177
 392  204.1  673.5 19.696    9.99       9.99     1.157 0.214   9.99      9.99    0.253
 393  332.9  505.5 19.308    9.99       9.99     1.410 0.145   9.99      9.99    0.157
 394  216.4  623.1 19.744    9.99       9.99     1.067 0.240   9.99      9.99    0.284
 395  297.0  691.1 18.634    9.99       9.99     1.028 0.081   9.99      9.99    0.095
 396  209.9  706.8 19.161    9.99       9.99     1.162 0.145   9.99      9.99    0.162
 397  491.6  628.8 19.549    9.99       9.99     0.981 0.222   9.99      9.99    0.256
 398  350.7   14.9 17.952    9.99       9.99     0.819 0.055   9.99      9.99    0.073
 399  397.4   66.2 17.597    9.99       9.99     1.447 0.039   9.99      9.99    0.044
 400  361.6   24.1 18.269    9.99       9.99     0.695 0.066   9.99      9.99    0.090
 401  284.1   69.9 18.447    9.99       9.99     0.746 0.074   9.99      9.99    0.105
 402  209.6   70.7 19.257    9.99       9.99     0.662 0.130   9.99      9.99    0.206
 403  287.7  168.6 18.596    9.99       9.99     1.269 0.086   9.99      9.99    0.100
 404  538.0  159.9 18.839    9.99       9.99     0.826 0.113   9.99      9.99    0.158
 405  311.5  212.2 18.721    9.99       9.99     0.837 0.095   9.99      9.99    0.128
 406  220.4  228.7 19.026    9.99       9.99     0.943 0.123   9.99      9.99    0.161
 407  243.0  133.1 18.734    9.99       9.99     0.886 0.090   9.99      9.99    0.121
 408  571.2   30.5 19.634    9.99       9.99     1.370 0.213   9.99      9.99    0.242
 409  470.4  171.8 18.843    9.99       9.99     0.472 0.113   9.99      9.99    0.154
